##############################################################################
#   Copyright (C) 2019 GSI Helmholtzzentrum für Schwerionenforschung GmbH    #
#   Copyright (C) 2019-2023 Members of R3B Collaboration                     #
#                                                                            #
#             This software is distributed under the terms of the            #
#                 GNU General Public Licence (GPL) version 3,                #
#                    copied verbatim in the file "LICENSE".                  #
#                                                                            #
# In applying this license GSI does not waive the privileges and immunities  #
# granted to it by virtue of its status as an Intergovernmental Organization #
# or submit itself to any jurisdiction.                                      #
##############################################################################

0.000000
0.000000
2.700000
1.350000
2.700000
1.350000
2.900000
1.250000
2.300000
0.850000
2.300000
0.250000
1.700000
0.250000
1.500000
0.350000
2.100000
0.350000
0.000000
0.000000
3.300000
1.450000
2.500000
1.150000
2.300000
0.950000
2.100000
1.350000
2.300000
1.250000
2.100000
0.350000
1.900000
0.150000
1.900000
0.350000
1.500000
0.450000
1.700000
0.450000
2.700000
0.950000
2.500000
0.950000
2.500000
1.050000
2.700000
1.450000
2.100000
1.050000
2.300000
0.350000
1.900000
0.150000
1.900000
0.550000
1.700000
0.350000
2.300000
0.450000
2.700000
1.150000
2.700000
0.550000
2.700000
1.150000
2.100000
0.950000
3.100000
1.650000
2.100000
0.250000
2.500000
0.650000
2.100000
0.550000
2.100000
0.950000
1.900000
0.850000
1.100000
0.650000
2.300000
0.450000
1.500000
0.650000
2.100000
0.850000
2.100000
0.550000
2.300000
1.050000
1.300000
0.550000
2.500000
0.850000
1.900000
1.350000
2.700000
0.950000
2.100000
0.750000
1.900000
0.950000
1.700000
0.650000
1.900000
0.950000
1.900000
1.050000
1.500000
0.450000
2.100000
1.050000
3.100000
1.050000
2.300000
0.350000
2.700000
1.250000
2.500000
1.050000
2.300000
0.750000
1.700000
0.850000
2.500000
1.150000
1.900000
0.950000
2.100000
0.850000
3.500000
1.150000
1.700000
0.150000
2.500000
0.750000
2.100000
0.650000
1.500000
0.850000
1.700000
0.750000
2.500000
0.750000
1.900000
0.850000
1.900000
0.950000
1.700000
0.650000
1.700000
0.450000
2.300000
0.650000
0.900000
0.350000
1.300000
0.750000
1.700000
1.050000
1.500000
0.750000
2.100000
1.350000
2.300000
1.250000
2.900000
1.350000
2.100000
0.450000
2.300000
0.650000
2.500000
0.450000
2.700000
0.750000
2.900000
0.650000
3.100000
2.150000
2.300000
1.350000
2.700000
0.950000
2.700000
1.150000
2.700000
1.650000
1.700000
0.950000
2.700000
0.850000
3.300000
0.950000
2.300000
1.050000
1.700000
1.050000
3.500000
2.050000
2.900000
2.050000
4.500000
2.750000
4.100000
1.950000
3.300000
1.650000
5.100000
2.150000
2.900000
1.450000
3.300000
1.250000
4.300000
1.750000
1.900000
1.150000
3.300000
2.150000
2.500000
1.350000
2.900000
1.850000
3.100000
1.550000
2.900000
2.150000
0.000000
0.000000
3.300000
1.950000
3.100000
1.450000
4.900000
2.150000
3.100000
1.450000
4.300000
1.850000
3.700000
2.450000
4.700000
2.350000
3.300000
1.650000
4.300000
1.650000
1.900000
1.150000
4.500000
2.250000
2.300000
1.350000
4.500000
2.150000
2.900000
1.150000
3.700000
1.650000
4.700000
2.050000
5.100000
1.850000
4.100000
1.650000
3.500000
1.250000
5.300000
1.950000
4.100000
2.250000
4.300000
2.050000
3.300000
1.750000
2.900000
1.550000
0.000000
0.000000
3.700000
1.750000
3.900000
2.050000
3.300000
1.750000
2.900000
1.550000
2.300000
1.850000
3.500000
1.850000
3.500000
2.350000
3.700000
1.550000
0.000000
0.000000
