0.000000
0.000000
1.500000
1.900000
1.900000
1.700000
2.100000
1.700000
1.500000
1.300000
1.500000
0.100000
1.300000
0.300000
0.900000
0.300000
1.300000
0.500000
0.000000
0.000000
2.100000
1.700000
1.900000
1.700000
1.300000
1.100000
1.500000
2.100000
1.300000
1.700000
1.500000
0.300000
1.300000
0.100000
1.300000
0.500000
0.900000
0.500000
1.300000
0.500000
2.100000
1.500000
1.500000
1.300000
1.900000
1.500000
1.700000
2.100000
1.500000
1.300000
1.500000
0.100000
1.500000
0.300000
1.300000
0.500000
1.100000
0.500000
1.500000
0.300000
2.100000
1.700000
1.900000
0.700000
1.700000
1.700000
1.500000
1.100000
2.300000
2.300000
1.500000
0.300000
1.700000
0.900000
1.300000
0.700000
1.500000
1.300000
1.300000
1.300000
0.300000
0.700000
1.700000
0.700000
0.900000
0.700000
1.300000
1.100000
1.500000
0.700000
1.900000
1.100000
0.700000
0.500000
1.700000
1.100000
1.500000
1.700000
1.700000
1.100000
1.100000
0.900000
0.900000
1.300000
1.300000
0.900000
1.500000
1.100000
1.300000
1.500000
0.900000
0.500000
1.700000
1.500000
2.300000
1.300000
1.700000
0.300000
1.900000
1.700000
1.700000
1.500000
1.700000
1.100000
1.100000
1.300000
1.900000
1.500000
1.500000
1.100000
1.700000
1.100000
2.700000
1.500000
1.100000
0.100000
2.100000
0.900000
1.300000
0.900000
0.700000
0.900000
0.900000
0.700000
1.500000
0.900000
1.100000
1.500000
0.900000
1.100000
0.900000
0.500000
1.100000
0.500000
1.700000
0.700000
0.700000
0.500000
0.900000
1.100000
1.100000
1.300000
1.100000
0.900000
1.100000
1.500000
1.700000
1.500000
2.100000
1.700000
1.500000
0.500000
1.500000
0.700000
1.500000
0.700000
1.700000
0.900000
2.100000
0.500000
2.100000
3.100000
1.300000
2.100000
1.700000
1.100000
1.700000
1.700000
2.100000
1.900000
0.900000
1.500000
2.100000
0.900000
2.500000
1.100000
1.500000
1.300000
1.500000
1.700000
2.300000
3.100000
1.700000
3.100000
2.900000
3.900000
3.100000
2.500000
1.900000
2.700000
3.900000
2.300000
1.700000
2.100000
2.500000
1.700000
2.900000
2.700000
1.300000
2.100000
2.100000
3.500000
1.900000
1.900000
1.500000
2.300000
2.500000
2.500000
2.300000
3.100000
0.000000
0.000000
2.500000
2.900000
2.300000
2.100000
3.500000
3.300000
2.100000
2.300000
3.500000
1.900000
2.700000
3.900000
3.700000
3.100000
2.700000
2.500000
3.100000
1.700000
1.500000
1.900000
3.300000
3.100000
1.700000
1.900000
3.300000
2.700000
2.100000
1.300000
2.500000
1.700000
3.900000
2.700000
3.300000
2.700000
3.100000
1.900000
2.500000
1.700000
3.900000
2.500000
3.100000
3.100000
2.900000
2.700000
2.500000
2.900000
1.700000
2.700000
0.000000
0.000000
2.700000
2.700000
2.900000
2.900000
2.100000
1.900000
1.900000
1.900000
1.700000
2.100000
2.100000
2.700000
1.900000
3.300000
2.100000
2.100000
0.000000
0.000000
