1     1H ( 12C , 12C )  1H 
******************************



 PROJECTILE      TARGET      PART. C      PART. D
      12           1          12           1        AMU
  11177.9319    938.7833  11177.9319    938.7833    MEV

 BEAM ENERGY    4800.00 MEV        EXCITATION ENERGY    0.00 GROUND STATE Q-VALUE      0.000 MEV.

1  PARTICLE C                                                           PARTICLE D
***************************************************************         ********************

    LAB     C.M.   KINET          P3       SOLID    1/2E    BRHO3      LAB      KINET     P4        SOLID   BRHO4  SIGMA    TOF
   ANGLE    ANG      ENERG                 ANGLE   DE/DT    KG*M       ANG      ENERGY              ANG     KG*M   RUTHF  

   0.01     0.13   4799.998  11417.008   176.813    -0.003     63.47    89.910     0.002     1.993    0.00      0.07 0.3290E+11 0.1571E+03
   0.02     0.27   4799.992  11416.999   176.813    -0.005     63.47    89.820     0.008     3.985    0.01      0.13 0.2056E+10 0.7855E+02
   0.03     0.40   4799.981  11416.985   176.815    -0.008     63.47    89.730     0.019     5.978    0.01      0.20 0.4062E+09 0.5237E+02
   0.04     0.53   4799.966  11416.964   176.817    -0.010     63.47    89.640     0.034     7.971    0.01      0.27 0.1285E+09 0.3928E+02
   0.05     0.66   4799.947  11416.937   176.819    -0.013     63.47    89.550     0.053     9.963    0.02      0.33 0.5264E+08 0.3142E+02
   0.06     0.80   4799.924  11416.905   176.823    -0.015     63.47    89.460     0.076    11.956    0.02      0.40 0.2539E+08 0.2618E+02
   0.07     0.93   4799.896  11416.866   176.826    -0.018     63.47    89.370     0.104    13.949    0.02      0.47 0.1370E+08 0.2244E+02
   0.08     1.06   4799.865  11416.822   176.831    -0.020     63.47    89.279     0.135    15.942    0.03      0.53 0.8032E+07 0.1964E+02
   0.09     1.20   4799.829  11416.772   176.836    -0.023     63.47    89.189     0.171    17.935    0.03      0.60 0.5014E+07 0.1746E+02
   0.10     1.33   4799.789  11416.715   176.841    -0.025     63.47    89.099     0.211    19.928    0.03      0.66 0.3290E+07 0.1571E+02
   0.11     1.46   4799.744  11416.653   176.847    -0.028     63.47    89.009     0.256    21.921    0.04      0.73 0.2247E+07 0.1428E+02
   0.12     1.60   4799.695  11416.585   176.854    -0.030     63.47    88.919     0.305    23.915    0.04      0.80 0.1587E+07 0.1309E+02
   0.13     1.73   4799.643  11416.511   176.861    -0.033     63.47    88.829     0.357    25.908    0.04      0.86 0.1152E+07 0.1208E+02
   0.14     1.86   4799.585  11416.431   176.869    -0.035     63.47    88.739     0.415    27.902    0.05      0.93 0.8564E+06 0.1122E+02
   0.15     1.99   4799.524  11416.345   176.878    -0.038     63.47    88.649     0.476    29.896    0.05      1.00 0.6499E+06 0.1047E+02
   0.16     2.13   4799.459  11416.253   176.887    -0.040     63.47    88.559     0.541    31.890    0.05      1.06 0.5020E+06 0.9818E+01
   0.17     2.26   4799.389  11416.156   176.896    -0.043     63.47    88.469     0.611    33.884    0.06      1.13 0.3939E+06 0.9241E+01
   0.18     2.39   4799.315  11416.052   176.906    -0.045     63.47    88.378     0.685    35.878    0.06      1.20 0.3134E+06 0.8727E+01
   0.19     2.53   4799.236  11415.943   176.917    -0.048     63.47    88.288     0.764    37.873    0.07      1.26 0.2525E+06 0.8268E+01
   0.20     2.66   4799.154  11415.827   176.928    -0.051     63.47    88.198     0.846    39.868    0.07      1.33 0.2056E+06 0.7854E+01
   0.21     2.79   4799.067  11415.706   176.940    -0.053     63.47    88.108     0.933    41.863    0.07      1.40 0.1692E+06 0.7480E+01
   0.22     2.93   4798.976  11415.578   176.953    -0.056     63.47    88.018     1.024    43.858    0.08      1.46 0.1404E+06 0.7140E+01
   0.23     3.06   4798.881  11415.445   176.966    -0.058     63.47    87.928     1.119    45.854    0.08      1.53 0.1176E+06 0.6829E+01
   0.24     3.19   4798.781  11415.306   176.980    -0.061     63.47    87.838     1.219    47.849    0.08      1.60 0.9916E+05 0.6545E+01
   0.25     3.33   4798.678  11415.161   176.994    -0.063     63.46    87.748     1.322    49.846    0.09      1.66 0.8422E+05 0.6283E+01
   0.26     3.46   4798.570  11415.009   177.009    -0.066     63.46    87.657     1.430    51.842    0.09      1.73 0.7199E+05 0.6041E+01
   0.27     3.59   4798.457  11414.852   177.024    -0.068     63.46    87.567     1.543    53.839    0.09      1.80 0.6191E+05 0.5817E+01
   0.28     3.72   4798.341  11414.689   177.040    -0.071     63.46    87.477     1.659    55.836    0.10      1.86 0.5353E+05 0.5609E+01
   0.29     3.86   4798.220  11414.520   177.057    -0.073     63.46    87.387     1.780    57.833    0.10      1.93 0.4652E+05 0.5416E+01
   0.30     3.99   4798.095  11414.346   177.074    -0.076     63.46    87.297     1.905    59.831    0.10      2.00 0.4062E+05 0.5235E+01
   0.31     4.12   4797.966  11414.165   177.092    -0.078     63.46    87.207     2.034    61.829    0.11      2.06 0.3562E+05 0.5066E+01
   0.32     4.26   4797.833  11413.978   177.110    -0.081     63.46    87.116     2.167    63.827    0.11      2.13 0.3138E+05 0.4908E+01
   0.33     4.39   4797.695  11413.785   177.129    -0.083     63.46    87.026     2.305    65.826    0.11      2.20 0.2774E+05 0.4759E+01
   0.34     4.52   4797.553  11413.587   177.149    -0.086     63.46    86.936     2.447    67.825    0.12      2.26 0.2462E+05 0.4619E+01
   0.35     4.66   4797.407  11413.382   177.169    -0.089     63.45    86.846     2.593    69.825    0.12      2.33 0.2192E+05 0.4487E+01
   0.36     4.79   4797.256  11413.171   177.190    -0.091     63.45    86.756     2.744    71.825    0.12      2.40 0.1959E+05 0.4362E+01
   0.37     4.92   4797.102  11412.955   177.211    -0.094     63.45    86.666     2.898    73.825    0.13      2.46 0.1755E+05 0.4244E+01
   0.38     5.06   4796.943  11412.732   177.233    -0.096     63.45    86.575     3.057    75.826    0.13      2.53 0.1578E+05 0.4132E+01
   0.39     5.19   4796.780  11412.504   177.256    -0.099     63.45    86.485     3.220    77.827    0.13      2.60 0.1422E+05 0.4026E+01
   0.40     5.32   4796.612  11412.269   177.279    -0.101     63.45    86.395     3.388    79.829    0.14      2.66 0.1285E+05 0.3925E+01
   0.41     5.46   4796.440  11412.029   177.303    -0.104     63.45    86.305     3.560    81.831    0.14      2.73 0.1164E+05 0.3829E+01
   0.42     5.59   4796.264  11411.783   177.327    -0.106     63.45    86.214     3.736    83.833    0.14      2.80 0.1057E+05 0.3738E+01
   0.43     5.72   4796.084  11411.530   177.352    -0.109     63.44    86.124     3.916    85.837    0.15      2.86 0.9623E+04 0.3651E+01
   0.44     5.86   4795.899  11411.272   177.378    -0.112     63.44    86.034     4.101    87.840    0.15      2.93 0.8778E+04 0.3568E+01
   0.45     5.99   4795.711  11411.008   177.404    -0.114     63.44    85.944     4.289    89.844    0.15      3.00 0.8023E+04 0.3488E+01
   0.46     6.12   4795.518  11410.737   177.430    -0.117     63.44    85.854     4.482    91.849    0.16      3.06 0.7348E+04 0.3412E+01
   0.47     6.26   4795.320  11410.461   177.458    -0.119     63.44    85.763     4.680    93.854    0.16      3.13 0.6742E+04 0.3340E+01
   0.48     6.39   4795.118  11410.179   177.486    -0.122     63.44    85.673     4.882    95.860    0.17      3.20 0.6198E+04 0.3270E+01
   0.49     6.53   4794.913  11409.890   177.514    -0.124     63.44    85.583     5.087    97.867    0.17      3.26 0.5707E+04 0.3203E+01
   0.50     6.66   4794.702  11409.596   177.544    -0.127     63.43    85.493     5.298    99.873    0.17      3.33 0.5264E+04 0.3139E+01
   0.51     6.79   4794.488  11409.296   177.573    -0.129     63.43    85.402     5.512   101.881    0.18      3.40 0.4863E+04 0.3077E+01
   0.52     6.93   4794.269  11408.990   177.604    -0.132     63.43    85.312     5.731   103.889    0.18      3.47 0.4500E+04 0.3018E+01
   0.53     7.06   4794.046  11408.677   177.635    -0.135     63.43    85.222     5.954   105.898    0.18      3.53 0.4170E+04 0.2961E+01
   0.54     7.19   4793.819  11408.359   177.667    -0.137     63.43    85.131     6.181   107.907    0.19      3.60 0.3869E+04 0.2906E+01
   0.55     7.33   4793.587  11408.035   177.699    -0.140     63.42    85.041     6.413   109.917    0.19      3.67 0.3595E+04 0.2853E+01
   0.56     7.46   4793.351  11407.704   177.732    -0.142     63.42    84.951     6.649   111.928    0.19      3.73 0.3345E+04 0.2802E+01
   0.57     7.59   4793.111  11407.368   177.765    -0.145     63.42    84.860     6.889   113.939    0.20      3.80 0.3117E+04 0.2753E+01
   0.58     7.73   4792.866  11407.026   177.799    -0.147     63.42    84.770     7.134   115.951    0.20      3.87 0.2907E+04 0.2705E+01
   0.59     7.86   4792.618  11406.677   177.834    -0.150     63.42    84.680     7.382   117.964    0.20      3.94 0.2715E+04 0.2659E+01
   0.60     8.00   4792.364  11406.323   177.869    -0.153     63.42    84.589     7.636   119.977    0.21      4.00 0.2539E+04 0.2615E+01
   0.61     8.13   4792.107  11405.963   177.905    -0.155     63.41    84.499     7.893   121.991    0.21      4.07 0.2376E+04 0.2572E+01
   0.62     8.26   4791.845  11405.596   177.942    -0.158     63.41    84.409     8.155   124.006    0.21      4.14 0.2227E+04 0.2530E+01
   0.63     8.40   4791.579  11405.224   177.979    -0.160     63.41    84.318     8.421   126.021    0.22      4.20 0.2089E+04 0.2490E+01
   0.64     8.53   4791.309  11404.845   178.017    -0.163     63.41    84.228     8.691   128.038    0.22      4.27 0.1961E+04 0.2451E+01
   0.65     8.67   4791.034  11404.460   178.055    -0.166     63.40    84.138     8.966   130.055    0.22      4.34 0.1843E+04 0.2413E+01
   0.66     8.80   4790.755  11404.070   178.095    -0.168     63.40    84.047     9.245   132.073    0.23      4.41 0.1734E+04 0.2376E+01
   0.67     8.93   4790.472  11403.673   178.134    -0.171     63.40    83.957     9.528   134.091    0.23      4.47 0.1633E+04 0.2341E+01
   0.68     9.07   4790.184  11403.270   178.175    -0.173     63.40    83.866     9.816   136.111    0.24      4.54 0.1539E+04 0.2306E+01
   0.69     9.20   4789.892  11402.861   178.216    -0.176     63.40    83.776    10.108   138.131    0.24      4.61 0.1452E+04 0.2272E+01
   0.70     9.34   4789.596  11402.446   178.257    -0.179     63.39    83.685    10.404   140.152    0.24      4.68 0.1370E+04 0.2240E+01
   0.71     9.47   4789.295  11402.025   178.300    -0.181     63.39    83.595    10.705   142.174    0.25      4.74 0.1295E+04 0.2208E+01
   0.72     9.61   4788.990  11401.598   178.343    -0.184     63.39    83.504    11.010   144.196    0.25      4.81 0.1224E+04 0.2177E+01
   0.73     9.74   4788.681  11401.165   178.386    -0.186     63.39    83.414    11.319   146.220    0.25      4.88 0.1159E+04 0.2147E+01
   0.74     9.87   4788.367  11400.726   178.430    -0.189     63.38    83.323    11.633   148.244    0.26      4.95 0.1097E+04 0.2118E+01
   0.75    10.01   4788.049  11400.281   178.475    -0.192     63.38    83.233    11.951   150.269    0.26      5.01 0.1040E+04 0.2090E+01
   0.76    10.14   4787.727  11399.829   178.521    -0.194     63.38    83.143    12.273   152.296    0.26      5.08 0.9862E+03 0.2062E+01
   0.77    10.28   4787.400  11399.372   178.567    -0.197     63.38    83.052    12.600   154.323    0.27      5.15 0.9360E+03 0.2035E+01
   0.78    10.41   4787.069  11398.908   178.614    -0.199     63.37    82.961    12.931   156.351    0.27      5.22 0.8889E+03 0.2009E+01
   0.79    10.55   4786.734  11398.438   178.661    -0.202     63.37    82.871    13.266   158.380    0.27      5.28 0.8447E+03 0.1984E+01
   0.80    10.68   4786.394  11397.962   178.709    -0.205     63.37    82.780    13.606   160.410    0.28      5.35 0.8033E+03 0.1959E+01
   0.81    10.82   4786.050  11397.480   178.758    -0.207     63.37    82.690    13.950   162.440    0.28      5.42 0.7643E+03 0.1934E+01
   0.82    10.95   4785.701  11396.992   178.808    -0.210     63.36    82.599    14.299   164.472    0.28      5.49 0.7277E+03 0.1911E+01
   0.83    11.09   4785.348  11396.498   178.858    -0.213     63.36    82.509    14.652   166.505    0.29      5.55 0.6933E+03 0.1888E+01
   0.84    11.22   4784.991  11395.997   178.909    -0.215     63.36    82.418    15.009   168.539    0.29      5.62 0.6609E+03 0.1865E+01
   0.85    11.35   4784.630  11395.491   178.960    -0.218     63.36    82.327    15.370   170.574    0.30      5.69 0.6303E+03 0.1843E+01
   0.86    11.49   4784.263  11394.978   179.012    -0.221     63.35    82.237    15.737   172.609    0.30      5.76 0.6015E+03 0.1821E+01
   0.87    11.62   4783.893  11394.459   179.065    -0.223     63.35    82.146    16.107   174.646    0.30      5.83 0.5743E+03 0.1800E+01
   0.88    11.76   4783.518  11393.934   179.118    -0.226     63.35    82.055    16.482   176.684    0.31      5.89 0.5487E+03 0.1780E+01
   0.89    11.89   4783.139  11393.403   179.173    -0.228     63.34    81.965    16.861   178.723    0.31      5.96 0.5244E+03 0.1759E+01
   0.90    12.03   4782.755  11392.865   179.227    -0.231     63.34    81.874    17.245   180.763    0.31      6.03 0.5015E+03 0.1740E+01
   0.91    12.16   4782.367  11392.322   179.283    -0.234     63.34    81.783    17.633   182.804    0.32      6.10 0.4798E+03 0.1721E+01
   0.92    12.30   4781.975  11391.772   179.339    -0.236     63.33    81.693    18.025   184.847    0.32      6.17 0.4593E+03 0.1702E+01
   0.93    12.44   4781.578  11391.216   179.396    -0.239     63.33    81.602    18.422   186.890    0.32      6.23 0.4399E+03 0.1683E+01
   0.94    12.57   4781.177  11390.653   179.454    -0.242     63.33    81.511    18.823   188.934    0.33      6.30 0.4214E+03 0.1665E+01
   0.95    12.71   4780.771  11390.085   179.512    -0.244     63.33    81.420    19.229   190.980    0.33      6.37 0.4040E+03 0.1648E+01
   0.96    12.84   4780.361  11389.510   179.571    -0.247     63.32    81.330    19.639   193.027    0.34      6.44 0.3874E+03 0.1630E+01
   0.97    12.98   4779.946  11388.930   179.630    -0.250     63.32    81.239    20.054   195.075    0.34      6.51 0.3717E+03 0.1613E+01
   0.98    13.11   4779.527  11388.343   179.691    -0.252     63.32    81.148    20.473   197.124    0.34      6.58 0.3567E+03 0.1597E+01
   0.99    13.25   4779.104  11387.749   179.752    -0.255     63.31    81.057    20.896   199.174    0.35      6.64 0.3425E+03 0.1581E+01
   1.00    13.38   4778.676  11387.150   179.814    -0.258     63.31    80.967    21.324   201.226    0.35      6.71 0.3291E+03 0.1565E+01
   1.01    13.52   4778.244  11386.544   179.876    -0.261     63.31    80.876    21.756   203.278    0.35      6.78 0.3162E+03 0.1549E+01
   1.02    13.65   4777.807  11385.932   179.939    -0.263     63.30    80.785    22.193   205.332    0.36      6.85 0.3040E+03 0.1534E+01
   1.03    13.79   4777.366  11385.313   180.003    -0.266     63.30    80.694    22.634   207.388    0.36      6.92 0.2924E+03 0.1519E+01
   1.04    13.93   4776.920  11384.689   180.068    -0.269     63.30    80.603    23.080   209.444    0.36      6.99 0.2813E+03 0.1504E+01
   1.05    14.06   4776.470  11384.058   180.133    -0.271     63.29    80.512    23.530   211.502    0.37      7.06 0.2707E+03 0.1489E+01
   1.06    14.20   4776.015  11383.421   180.199    -0.274     63.29    80.421    23.985   213.561    0.37      7.12 0.2607E+03 0.1475E+01
   1.07    14.33   4775.556  11382.777   180.266    -0.277     63.28    80.330    24.444   215.621    0.38      7.19 0.2510E+03 0.1461E+01
   1.08    14.47   4775.093  11382.127   180.333    -0.279     63.28    80.239    24.907   217.683    0.38      7.26 0.2419E+03 0.1448E+01
   1.09    14.61   4774.624  11381.471   180.402    -0.282     63.28    80.148    25.376   219.746    0.38      7.33 0.2331E+03 0.1434E+01
   1.10    14.74   4774.152  11380.809   180.470    -0.285     63.27    80.057    25.848   221.810    0.39      7.40 0.2248E+03 0.1421E+01
   1.11    14.88   4773.675  11380.140   180.540    -0.288     63.27    79.966    26.325   223.876    0.39      7.47 0.2168E+03 0.1408E+01
   1.12    15.01   4773.193  11379.465   180.611    -0.290     63.27    79.875    26.807   225.943    0.39      7.54 0.2091E+03 0.1395E+01
   1.13    15.15   4772.707  11378.784   180.682    -0.293     63.26    79.784    27.293   228.011    0.40      7.61 0.2018E+03 0.1383E+01
   1.14    15.29   4772.216  11378.096   180.754    -0.296     63.26    79.693    27.784   230.081    0.40      7.68 0.1948E+03 0.1371E+01
   1.15    15.42   4771.721  11377.402   180.826    -0.299     63.25    79.602    28.279   232.152    0.41      7.74 0.1882E+03 0.1359E+01
   1.16    15.56   4771.222  11376.702   180.900    -0.301     63.25    79.511    28.778   234.225    0.41      7.81 0.1818E+03 0.1347E+01
   1.17    15.70   4770.718  11375.995   180.974    -0.304     63.25    79.420    29.282   236.299    0.41      7.88 0.1756E+03 0.1335E+01
   1.18    15.83   4770.209  11375.282   181.049    -0.307     63.24    79.329    29.791   238.375    0.42      7.95 0.1697E+03 0.1324E+01
   1.19    15.97   4769.696  11374.562   181.125    -0.310     63.24    79.238    30.304   240.452    0.42      8.02 0.1641E+03 0.1312E+01
   1.20    16.11   4769.178  11373.836   181.201    -0.312     63.23    79.146    30.822   242.530    0.42      8.09 0.1587E+03 0.1301E+01
   1.21    16.24   4768.655  11373.103   181.278    -0.315     63.23    79.055    31.345   244.610    0.43      8.16 0.1535E+03 0.1290E+01
   1.22    16.38   4768.128  11372.365   181.356    -0.318     63.23    78.964    31.872   246.692    0.43      8.23 0.1486E+03 0.1280E+01
   1.23    16.52   4767.597  11371.619   181.435    -0.321     63.22    78.873    32.403   248.775    0.43      8.30 0.1438E+03 0.1269E+01
   1.24    16.65   4767.061  11370.868   181.515    -0.324     63.22    78.781    32.939   250.859    0.44      8.37 0.1392E+03 0.1259E+01
   1.25    16.79   4766.520  11370.110   181.595    -0.326     63.21    78.690    33.480   252.945    0.44      8.44 0.1348E+03 0.1249E+01
   1.26    16.93   4765.975  11369.345   181.676    -0.329     63.21    78.599    34.025   255.033    0.45      8.51 0.1306E+03 0.1239E+01
   1.27    17.07   4765.425  11368.574   181.758    -0.332     63.21    78.508    34.575   257.122    0.45      8.58 0.1265E+03 0.1229E+01
   1.28    17.20   4764.871  11367.796   181.841    -0.335     63.20    78.416    35.129   259.213    0.45      8.65 0.1226E+03 0.1219E+01
   1.29    17.34   4764.312  11367.012   181.925    -0.338     63.20    78.325    35.688   261.306    0.46      8.72 0.1189E+03 0.1209E+01
   1.30    17.48   4763.748  11366.222   182.009    -0.340     63.19    78.234    36.252   263.400    0.46      8.79 0.1152E+03 0.1200E+01
   1.31    17.61   4763.180  11365.425   182.094    -0.343     63.19    78.142    36.820   265.496    0.47      8.86 0.1118E+03 0.1191E+01
   1.32    17.75   4762.607  11364.621   182.180    -0.346     63.18    78.051    37.393   267.593    0.47      8.93 0.1084E+03 0.1181E+01
   1.33    17.89   4762.030  11363.811   182.267    -0.349     63.18    77.959    37.970   269.692    0.47      9.00 0.1052E+03 0.1172E+01
   1.34    18.03   4761.447  11362.995   182.355    -0.352     63.17    77.868    38.553   271.793    0.48      9.07 0.1021E+03 0.1164E+01
   1.35    18.17   4760.861  11362.172   182.443    -0.354     63.17    77.776    39.139   273.895    0.48      9.14 0.9910E+02 0.1155E+01
   1.36    18.30   4760.269  11361.342   182.532    -0.357     63.17    77.685    39.731   276.000    0.48      9.21 0.9622E+02 0.1146E+01
   1.37    18.44   4759.673  11360.506   182.622    -0.360     63.16    77.593    40.327   278.106    0.49      9.28 0.9344E+02 0.1138E+01
   1.38    18.58   4759.072  11359.663   182.713    -0.363     63.16    77.502    40.928   280.213    0.49      9.35 0.9076E+02 0.1129E+01
   1.39    18.72   4758.467  11358.814   182.805    -0.366     63.15    77.410    41.533   282.323    0.50      9.42 0.8818E+02 0.1121E+01
   1.40    18.86   4757.857  11357.958   182.898    -0.369     63.15    77.318    42.143   284.434    0.50      9.49 0.8569E+02 0.1113E+01
   1.41    18.99   4757.242  11357.095   182.991    -0.372     63.14    77.227    42.758   286.547    0.50      9.56 0.8329E+02 0.1105E+01
   1.42    19.13   4756.623  11356.226   183.086    -0.375     63.14    77.135    43.377   288.662    0.51      9.63 0.8097E+02 0.1097E+01
   1.43    19.27   4755.998  11355.350   183.181    -0.377     63.13    77.043    44.002   290.778    0.51      9.70 0.7873E+02 0.1089E+01
   1.44    19.41   4755.370  11354.468   183.277    -0.380     63.13    76.952    44.630   292.897    0.52      9.77 0.7656E+02 0.1081E+01
   1.45    19.55   4754.736  11353.578   183.374    -0.383     63.12    76.860    45.264   295.017    0.52      9.84 0.7447E+02 0.1074E+01
   1.46    19.69   4754.098  11352.683   183.472    -0.386     63.12    76.768    45.902   297.139    0.52      9.91 0.7246E+02 0.1066E+01
   1.47    19.83   4753.455  11351.780   183.571    -0.389     63.11    76.676    46.545   299.263    0.53      9.98 0.7051E+02 0.1059E+01
   1.48    19.96   4752.807  11350.871   183.670    -0.392     63.11    76.585    47.193   301.389    0.53     10.05 0.6862E+02 0.1052E+01
   1.49    20.10   4752.154  11349.955   183.771    -0.395     63.10    76.493    47.846   303.517    0.53     10.12 0.6680E+02 0.1044E+01
   1.50    20.24   4751.497  11349.033   183.872    -0.398     63.10    76.401    48.503   305.647    0.54     10.20 0.6504E+02 0.1037E+01
   1.51    20.38   4750.835  11348.103   183.974    -0.401     63.09    76.309    49.165   307.779    0.54     10.27 0.6333E+02 0.1030E+01
   1.52    20.52   4750.168  11347.167   184.078    -0.404     63.09    76.217    49.832   309.913    0.55     10.34 0.6168E+02 0.1023E+01
   1.53    20.66   4749.497  11346.225   184.182    -0.407     63.08    76.125    50.503   312.048    0.55     10.41 0.6009E+02 0.1017E+01
   1.54    20.80   4748.820  11345.275   184.287    -0.409     63.08    76.033    51.180   314.186    0.55     10.48 0.5854E+02 0.1010E+01
   1.55    20.94   4748.139  11344.319   184.393    -0.412     63.07    75.941    51.861   316.326    0.56     10.55 0.5705E+02 0.1003E+01
   1.56    21.08   4747.453  11343.356   184.500    -0.415     63.07    75.849    52.547   318.468    0.56     10.62 0.5560E+02 0.9967E+00
   1.57    21.22   4746.762  11342.386   184.608    -0.418     63.06    75.757    53.238   320.612    0.57     10.69 0.5420E+02 0.9902E+00
   1.58    21.36   4746.067  11341.409   184.716    -0.421     63.05    75.665    53.933   322.758    0.57     10.77 0.5284E+02 0.9838E+00
   1.59    21.50   4745.366  11340.426   184.826    -0.424     63.05    75.573    54.634   324.906    0.57     10.84 0.5152E+02 0.9775E+00
   1.60    21.64   4744.661  11339.436   184.937    -0.427     63.04    75.481    55.339   327.056    0.58     10.91 0.5025E+02 0.9712E+00
   1.61    21.78   4743.951  11338.438   185.048    -0.430     63.04    75.388    56.049   329.208    0.58     10.98 0.4901E+02 0.9650E+00
   1.62    21.92   4743.236  11337.434   185.161    -0.433     63.03    75.296    56.764   331.362    0.59     11.05 0.4782E+02 0.9589E+00
   1.63    22.06   4742.516  11336.423   185.275    -0.436     63.03    75.204    57.484   333.519    0.59     11.13 0.4666E+02 0.9529E+00
   1.64    22.20   4741.791  11335.406   185.389    -0.439     63.02    75.112    58.209   335.677    0.59     11.20 0.4553E+02 0.9470E+00
   1.65    22.34   4741.062  11334.381   185.505    -0.442     63.02    75.019    58.938   337.838    0.60     11.27 0.4444E+02 0.9411E+00
   1.66    22.48   4740.327  11333.349   185.621    -0.445     63.01    74.927    59.673   340.001    0.60     11.34 0.4338E+02 0.9353E+00
   1.67    22.62   4739.588  11332.311   185.739    -0.448     63.00    74.835    60.412   342.167    0.61     11.41 0.4235E+02 0.9295E+00
   1.68    22.76   4738.843  11331.265   185.857    -0.451     63.00    74.742    61.157   344.334    0.61     11.49 0.4135E+02 0.9239E+00
   1.69    22.90   4738.094  11330.213   185.977    -0.455     62.99    74.650    61.906   346.504    0.62     11.56 0.4038E+02 0.9183E+00
   1.70    23.04   4737.340  11329.153   186.098    -0.458     62.99    74.557    62.660   348.676    0.62     11.63 0.3944E+02 0.9127E+00
   1.71    23.18   4736.581  11328.087   186.219    -0.461     62.98    74.465    63.419   350.850    0.62     11.70 0.3853E+02 0.9072E+00
   1.72    23.33   4735.817  11327.013   186.342    -0.464     62.97    74.372    64.183   353.027    0.63     11.78 0.3764E+02 0.9018E+00
   1.73    23.47   4735.048  11325.933   186.465    -0.467     62.97    74.280    64.952   355.206    0.63     11.85 0.3678E+02 0.8965E+00
   1.74    23.61   4734.274  11324.845   186.590    -0.470     62.96    74.187    65.726   357.387    0.64     11.92 0.3594E+02 0.8912E+00
   1.75    23.75   4733.495  11323.751   186.716    -0.473     62.96    74.095    66.505   359.571    0.64     11.99 0.3513E+02 0.8859E+00
   1.76    23.89   4732.711  11322.649   186.843    -0.476     62.95    74.002    67.289   361.757    0.64     12.07 0.3434E+02 0.8808E+00
   1.77    24.03   4731.922  11321.540   186.971    -0.479     62.94    73.909    68.078   363.945    0.65     12.14 0.3357E+02 0.8756E+00
   1.78    24.18   4731.128  11320.425   187.100    -0.482     62.94    73.817    68.872   366.136    0.65     12.21 0.3282E+02 0.8706E+00
   1.79    24.32   4730.329  11319.302   187.230    -0.485     62.93    73.724    69.671   368.330    0.66     12.29 0.3210E+02 0.8656E+00
   1.80    24.46   4729.525  11318.172   187.361    -0.489     62.93    73.631    70.475   370.525    0.66     12.36 0.3139E+02 0.8606E+00
   1.81    24.60   4728.716  11317.035   187.493    -0.492     62.92    73.538    71.284   372.724    0.66     12.43 0.3070E+02 0.8557E+00
   1.82    24.74   4727.901  11315.890   187.626    -0.495     62.91    73.445    72.099   374.924    0.67     12.51 0.3003E+02 0.8509E+00
   1.83    24.89   4727.082  11314.739   187.761    -0.498     62.91    73.352    72.918   377.128    0.67     12.58 0.2938E+02 0.8461E+00
   1.84    25.03   4726.258  11313.580   187.896    -0.501     62.90    73.259    73.742   379.333    0.68     12.65 0.2875E+02 0.8413E+00
   1.85    25.17   4725.428  11312.414   188.033    -0.504     62.89    73.166    74.572   381.542    0.68     12.73 0.2814E+02 0.8366E+00
   1.86    25.31   4724.594  11311.241   188.171    -0.508     62.89    73.073    75.406   383.753    0.69     12.80 0.2754E+02 0.8320E+00
   1.87    25.46   4723.754  11310.060   188.310    -0.511     62.88    72.980    76.246   385.966    0.69     12.88 0.2695E+02 0.8274E+00
   1.88    25.60   4722.910  11308.872   188.450    -0.514     62.87    72.887    77.090   388.182    0.69     12.95 0.2639E+02 0.8229E+00
   1.89    25.74   4722.060  11307.677   188.591    -0.517     62.87    72.794    77.940   390.401    0.70     13.02 0.2583E+02 0.8184E+00
   1.90    25.89   4721.205  11306.475   188.734    -0.520     62.86    72.701    78.795   392.622    0.70     13.10 0.2529E+02 0.8139E+00
   1.91    26.03   4720.344  11305.266   188.877    -0.524     62.85    72.608    79.656   394.846    0.71     13.17 0.2477E+02 0.8095E+00
   1.92    26.17   4719.479  11304.049   189.022    -0.527     62.85    72.514    80.521   397.073    0.71     13.25 0.2426E+02 0.8051E+00
   1.93    26.32   4718.609  11302.824   189.168    -0.530     62.84    72.421    81.391   399.303    0.72     13.32 0.2376E+02 0.8008E+00
   1.94    26.46   4717.733  11301.593   189.315    -0.533     62.83    72.328    82.267   401.535    0.72     13.39 0.2328E+02 0.7966E+00
   1.95    26.60   4716.852  11300.353   189.464    -0.537     62.83    72.234    83.148   403.770    0.72     13.47 0.2280E+02 0.7923E+00
   1.96    26.75   4715.966  11299.107   189.614    -0.540     62.82    72.141    84.034   406.007    0.73     13.54 0.2234E+02 0.7881E+00
   1.97    26.89   4715.074  11297.853   189.765    -0.543     62.81    72.047    84.926   408.248    0.73     13.62 0.2189E+02 0.7840E+00
   1.98    27.04   4714.177  11296.591   189.917    -0.547     62.81    71.954    85.823   410.491    0.74     13.69 0.2146E+02 0.7799E+00
   1.99    27.18   4713.276  11295.323   190.070    -0.550     62.80    71.860    86.724   412.737    0.74     13.77 0.2103E+02 0.7758E+00
   2.00    27.33   4712.368  11294.046   190.225    -0.553     62.79    71.767    87.632   414.986    0.75     13.84 0.2061E+02 0.7718E+00
   2.01    27.47   4711.456  11292.762   190.381    -0.556     62.78    71.673    88.544   417.238    0.75     13.92 0.2021E+02 0.7678E+00
   2.02    27.62   4710.538  11291.471   190.538    -0.560     62.78    71.579    89.462   419.493    0.76     13.99 0.1981E+02 0.7639E+00
   2.03    27.76   4709.615  11290.172   190.696    -0.563     62.77    71.486    90.385   421.751    0.76     14.07 0.1942E+02 0.7599E+00
   2.04    27.91   4708.686  11288.865   190.856    -0.567     62.76    71.392    91.314   424.011    0.76     14.14 0.1905E+02 0.7561E+00
   2.05    28.05   4707.753  11287.551   191.017    -0.570     62.76    71.298    92.247   426.275    0.77     14.22 0.1868E+02 0.7522E+00
   2.06    28.20   4706.813  11286.229   191.180    -0.573     62.75    71.204    93.187   428.541    0.77     14.30 0.1832E+02 0.7484E+00
   2.07    28.34   4705.869  11284.900   191.344    -0.577     62.74    71.110    94.131   430.811    0.78     14.37 0.1797E+02 0.7447E+00
   2.08    28.49   4704.919  11283.563   191.509    -0.580     62.73    71.016    95.081   433.084    0.78     14.45 0.1763E+02 0.7409E+00
   2.09    28.63   4703.964  11282.218   191.675    -0.583     62.73    70.922    96.036   435.359    0.79     14.52 0.1729E+02 0.7372E+00
   2.10    28.78   4703.003  11280.866   191.843    -0.587     62.72    70.828    96.997   437.638    0.79     14.60 0.1697E+02 0.7336E+00
   2.11    28.93   4702.037  11279.505   192.012    -0.590     62.71    70.734    97.963   439.920    0.80     14.67 0.1665E+02 0.7300E+00
   2.12    29.07   4701.065  11278.137   192.183    -0.594     62.70    70.640    98.935   442.205    0.80     14.75 0.1634E+02 0.7264E+00
   2.13    29.22   4700.088  11276.762   192.355    -0.597     62.70    70.546    99.912   444.493    0.80     14.83 0.1603E+02 0.7228E+00
   2.14    29.36   4699.105  11275.378   192.529    -0.601     62.69    70.452   100.895   446.784    0.81     14.90 0.1574E+02 0.7193E+00
   2.15    29.51   4698.117  11273.987   192.703    -0.604     62.68    70.357   101.883   449.079    0.81     14.98 0.1545E+02 0.7158E+00
   2.16    29.66   4697.124  11272.588   192.880    -0.608     62.67    70.263   102.876   451.376    0.82     15.06 0.1516E+02 0.7123E+00
   2.17    29.81   4696.125  11271.181   193.058    -0.611     62.66    70.169   103.875   453.677    0.82     15.13 0.1489E+02 0.7089E+00
   2.18    29.95   4695.120  11269.766   193.237    -0.615     62.66    70.074   104.880   455.981    0.83     15.21 0.1462E+02 0.7055E+00
   2.19    30.10   4694.110  11268.343   193.418    -0.618     62.65    69.980   105.890   458.289    0.83     15.29 0.1435E+02 0.7021E+00
   2.20    30.25   4693.094  11266.912   193.600    -0.622     62.64    69.885   106.906   460.599    0.84     15.36 0.1410E+02 0.6988E+00
   2.21    30.39   4692.073  11265.473   193.784    -0.625     62.63    69.791   107.927   462.914    0.84     15.44 0.1384E+02 0.6954E+00
   2.22    30.54   4691.046  11264.026   193.969    -0.629     62.62    69.696   108.954   465.231    0.85     15.52 0.1360E+02 0.6922E+00
   2.23    30.69   4690.013  11262.572   194.156    -0.632     62.62    69.601   109.987   467.552    0.85     15.60 0.1336E+02 0.6889E+00
   2.24    30.84   4688.975  11261.109   194.344    -0.636     62.61    69.506   111.025   469.876    0.86     15.67 0.1312E+02 0.6857E+00
   2.25    30.99   4687.931  11259.638   194.534    -0.640     62.60    69.412   112.069   472.204    0.86     15.75 0.1289E+02 0.6825E+00
   2.26    31.14   4686.881  11258.159   194.725    -0.643     62.59    69.317   113.119   474.535    0.86     15.83 0.1266E+02 0.6793E+00
   2.27    31.28   4685.826  11256.672   194.918    -0.647     62.58    69.222   114.174   476.870    0.87     15.91 0.1244E+02 0.6762E+00
   2.28    31.43   4684.765  11255.177   195.113    -0.651     62.58    69.127   115.235   479.208    0.87     15.99 0.1223E+02 0.6730E+00
   2.29    31.58   4683.699  11253.673   195.309    -0.654     62.57    69.032   116.301   481.549    0.88     16.06 0.1202E+02 0.6699E+00
   2.30    31.73   4682.626  11252.161   195.507    -0.658     62.56    68.937   117.374   483.895    0.88     16.14 0.1181E+02 0.6669E+00
   2.31    31.88   4681.548  11250.642   195.706    -0.662     62.55    68.841   118.452   486.243    0.89     16.22 0.1161E+02 0.6638E+00
   2.32    32.03   4680.464  11249.114   195.908    -0.665     62.54    68.746   119.536   488.596    0.89     16.30 0.1141E+02 0.6608E+00
   2.33    32.18   4679.374  11247.577   196.111    -0.669     62.53    68.651   120.626   490.952    0.90     16.38 0.1121E+02 0.6578E+00
   2.34    32.33   4678.278  11246.032   196.315    -0.673     62.52    68.556   121.722   493.312    0.90     16.46 0.1103E+02 0.6549E+00
   2.35    32.48   4677.177  11244.479   196.521    -0.676     62.52    68.460   122.823   495.675    0.91     16.53 0.1084E+02 0.6519E+00
   2.36    32.63   4676.070  11242.918   196.729    -0.680     62.51    68.365   123.930   498.042    0.91     16.61 0.1066E+02 0.6490E+00
   2.37    32.78   4674.956  11241.348   196.939    -0.684     62.50    68.269   125.044   500.413    0.92     16.69 0.1048E+02 0.6461E+00
   2.38    32.93   4673.837  11239.770   197.151    -0.688     62.49    68.174   126.163   502.788    0.92     16.77 0.1031E+02 0.6432E+00
   2.39    33.08   4672.712  11238.183   197.364    -0.692     62.48    68.078   127.288   505.167    0.93     16.85 0.1014E+02 0.6404E+00
   2.40    33.23   4671.581  11236.588   197.579    -0.695     62.47    67.982   128.419   507.549    0.93     16.93 0.9969E+01 0.6376E+00
   2.41    33.38   4670.444  11234.984   197.796    -0.699     62.46    67.886   129.556   509.935    0.94     17.01 0.9806E+01 0.6347E+00
   2.42    33.53   4669.302  11233.372   198.014    -0.703     62.45    67.791   130.698   512.325    0.94     17.09 0.9646E+01 0.6320E+00
   2.43    33.68   4668.153  11231.751   198.235    -0.707     62.44    67.695   131.847   514.719    0.95     17.17 0.9489E+01 0.6292E+00
   2.44    33.84   4666.998  11230.122   198.457    -0.711     62.44    67.599   133.002   517.117    0.95     17.25 0.9335E+01 0.6265E+00
   2.45    33.99   4665.837  11228.484   198.682    -0.715     62.43    67.503   134.163   519.519    0.96     17.33 0.9185E+01 0.6238E+00
   2.46    34.14   4664.670  11226.837   198.908    -0.719     62.42    67.407   135.330   521.925    0.96     17.41 0.9037E+01 0.6211E+00
   2.47    34.29   4663.497  11225.181   199.136    -0.723     62.41    67.310   136.503   524.335    0.97     17.49 0.8893E+01 0.6184E+00
   2.48    34.44   4662.317  11223.517   199.366    -0.726     62.40    67.214   137.683   526.750    0.97     17.57 0.8751E+01 0.6157E+00
   2.49    34.60   4661.132  11221.844   199.598    -0.730     62.39    67.118   138.868   529.168    0.98     17.65 0.8613E+01 0.6131E+00
   2.50    34.75   4659.940  11220.162   199.832    -0.734     62.38    67.021   140.060   531.590    0.98     17.73 0.8477E+01 0.6105E+00
   2.51    34.90   4658.743  11218.471   200.068    -0.738     62.37    66.925   141.257   534.017    0.99     17.81 0.8343E+01 0.6079E+00
   2.52    35.06   4657.539  11216.772   200.306    -0.742     62.36    66.828   142.461   536.447    0.99     17.89 0.8213E+01 0.6053E+00
   2.53    35.21   4656.329  11215.063   200.546    -0.746     62.35    66.732   143.671   538.882    1.00     17.98 0.8084E+01 0.6028E+00
   2.54    35.36   4655.112  11213.346   200.788    -0.751     62.34    66.635   144.888   541.322    1.00     18.06 0.7959E+01 0.6002E+00
   2.55    35.52   4653.889  11211.619   201.032    -0.755     62.33    66.538   146.111   543.765    1.01     18.14 0.7836E+01 0.5977E+00
   2.56    35.67   4652.660  11209.884   201.279    -0.759     62.32    66.442   147.340   546.213    1.01     18.22 0.7715E+01 0.5952E+00
   2.57    35.83   4651.425  11208.139   201.527    -0.763     62.31    66.345   148.575   548.665    1.02     18.30 0.7597E+01 0.5927E+00
   2.58    35.98   4650.183  11206.385   201.778    -0.767     62.30    66.248   149.817   551.122    1.02     18.38 0.7481E+01 0.5903E+00
   2.59    36.14   4648.935  11204.623   202.031    -0.771     62.29    66.151   151.065   553.583    1.03     18.47 0.7367E+01 0.5878E+00
   2.60    36.29   4647.681  11202.851   202.286    -0.775     62.28    66.054   152.319   556.049    1.03     18.55 0.7255E+01 0.5854E+00
   2.61    36.45   4646.420  11201.069   202.543    -0.779     62.27    65.956   153.580   558.519    1.04     18.63 0.7145E+01 0.5830E+00
   2.62    36.60   4645.153  11199.279   202.802    -0.784     62.26    65.859   154.847   560.993    1.04     18.71 0.7038E+01 0.5806E+00
   2.63    36.76   4643.879  11197.479   203.064    -0.788     62.25    65.762   156.121   563.472    1.05     18.80 0.6932E+01 0.5782E+00
   2.64    36.91   4642.599  11195.670   203.328    -0.792     62.24    65.664   157.401   565.956    1.05     18.88 0.6829E+01 0.5759E+00
   2.65    37.07   4641.312  11193.852   203.594    -0.796     62.23    65.567   158.688   568.445    1.06     18.96 0.6728E+01 0.5735E+00
   2.66    37.22   4640.019  11192.024   203.863    -0.801     62.22    65.469   159.981   570.938    1.06     19.05 0.6628E+01 0.5712E+00
   2.67    37.38   4638.719  11190.186   204.134    -0.805     62.21    65.371   161.281   573.436    1.07     19.13 0.6530E+01 0.5689E+00
   2.68    37.54   4637.412  11188.340   204.408    -0.809     62.20    65.274   162.588   575.938    1.08     19.21 0.6434E+01 0.5666E+00
   2.69    37.69   4636.099  11186.483   204.683    -0.814     62.19    65.176   163.901   578.445    1.08     19.30 0.6340E+01 0.5643E+00
   2.70    37.85   4634.779  11184.617   204.962    -0.818     62.18    65.078   165.221   580.958    1.09     19.38 0.6248E+01 0.5621E+00
   2.71    38.01   4633.452  11182.741   205.243    -0.822     62.17    64.980   166.548   583.475    1.09     19.46 0.6157E+01 0.5598E+00
   2.72    38.17   4632.119  11180.856   205.526    -0.827     62.16    64.882   167.881   585.997    1.10     19.55 0.6068E+01 0.5576E+00
   2.73    38.32   4630.779  11178.961   205.812    -0.831     62.15    64.783   169.221   588.523    1.10     19.63 0.5981E+01 0.5554E+00
   2.74    38.48   4629.432  11177.056   206.100    -0.836     62.14    64.685   170.568   591.055    1.11     19.72 0.5895E+01 0.5532E+00
   2.75    38.64   4628.078  11175.142   206.391    -0.840     62.13    64.587   171.922   593.592    1.11     19.80 0.5810E+01 0.5510E+00
   2.76    38.80   4626.718  11173.217   206.685    -0.845     62.12    64.488   173.282   596.134    1.12     19.89 0.5728E+01 0.5488E+00
   2.77    38.96   4625.350  11171.283   206.981    -0.849     62.11    64.390   174.650   598.681    1.12     19.97 0.5646E+01 0.5467E+00
   2.78    39.12   4623.976  11169.339   207.280    -0.854     62.10    64.291   176.024   601.233    1.13     20.06 0.5567E+01 0.5446E+00
   2.79    39.28   4622.594  11167.384   207.582    -0.858     62.09    64.192   177.406   603.791    1.14     20.14 0.5488E+01 0.5424E+00
   2.80    39.44   4621.206  11165.420   207.887    -0.863     62.08    64.093   178.794   606.353    1.14     20.23 0.5411E+01 0.5403E+00
   2.81    39.60   4619.811  11163.445   208.194    -0.867     62.07    63.995   180.189   608.921    1.15     20.31 0.5336E+01 0.5382E+00
   2.82    39.76   4618.408  11161.461   208.504    -0.872     62.05    63.895   181.592   611.495    1.15     20.40 0.5261E+01 0.5361E+00
   2.83    39.92   4616.999  11159.466   208.817    -0.877     62.04    63.796   183.001   614.073    1.16     20.48 0.5188E+01 0.5341E+00
   2.84    40.08   4615.582  11157.461   209.133    -0.881     62.03    63.697   184.418   616.657    1.16     20.57 0.5117E+01 0.5320E+00
   2.85    40.24   4614.159  11155.446   209.452    -0.886     62.02    63.598   185.841   619.247    1.17     20.66 0.5046E+01 0.5300E+00
   2.86    40.40   4612.728  11153.420   209.774    -0.891     62.01    63.498   187.272   621.841    1.18     20.74 0.4977E+01 0.5279E+00
   2.87    40.56   4611.290  11151.384   210.099    -0.896     62.00    63.399   188.710   624.442    1.18     20.83 0.4909E+01 0.5259E+00
   2.88    40.73   4609.844  11149.337   210.427    -0.901     61.99    63.299   190.156   627.048    1.19     20.92 0.4842E+01 0.5239E+00
   2.89    40.89   4608.392  11147.280   210.758    -0.905     61.98    63.199   191.608   629.660    1.19     21.00 0.4777E+01 0.5219E+00
   2.90    41.05   4606.932  11145.212   211.092    -0.910     61.96    63.099   193.068   632.277    1.20     21.09 0.4712E+01 0.5200E+00
   2.91    41.21   4605.464  11143.134   211.429    -0.915     61.95    63.000   194.536   634.900    1.20     21.18 0.4649E+01 0.5180E+00
   2.92    41.38   4603.989  11141.045   211.770    -0.920     61.94    62.899   196.011   637.529    1.21     21.27 0.4587E+01 0.5160E+00
   2.93    41.54   4602.507  11138.945   212.114    -0.925     61.93    62.799   197.493   640.163    1.22     21.35 0.4525E+01 0.5141E+00
   2.94    41.70   4601.017  11136.834   212.461    -0.930     61.92    62.699   198.983   642.804    1.22     21.44 0.4465E+01 0.5122E+00
   2.95    41.87   4599.520  11134.713   212.811    -0.935     61.91    62.599   200.480   645.450    1.23     21.53 0.4406E+01 0.5103E+00
   2.96    42.03   4598.015  11132.581   213.165    -0.940     61.89    62.498   201.985   648.103    1.23     21.62 0.4348E+01 0.5084E+00
   2.97    42.20   4596.503  11130.437   213.522    -0.945     61.88    62.397   203.497   650.761    1.24     21.71 0.4290E+01 0.5065E+00
   2.98    42.36   4594.983  11128.283   213.882    -0.950     61.87    62.297   205.017   653.426    1.25     21.80 0.4234E+01 0.5046E+00
   2.99    42.53   4593.455  11126.117   214.247    -0.955     61.86    62.196   206.545   656.096    1.25     21.89 0.4179E+01 0.5027E+00
   3.00    42.69   4591.920  11123.941   214.614    -0.960     61.85    62.095   208.080   658.773    1.26     21.98 0.4125E+01 0.5009E+00
   3.01    42.86   4590.376  11121.753   214.986    -0.966     61.83    61.994   209.624   661.456    1.26     22.06 0.4071E+01 0.4990E+00
   3.02    43.02   4588.825  11119.553   215.361    -0.971     61.82    61.892   211.175   664.146    1.27     22.15 0.4018E+01 0.4972E+00
   3.03    43.19   4587.266  11117.343   215.739    -0.976     61.81    61.791   212.734   666.841    1.28     22.24 0.3967E+01 0.4953E+00
   3.04    43.36   4585.699  11115.121   216.122    -0.981     61.80    61.690   214.301   669.543    1.28     22.33 0.3916E+01 0.4935E+00
   3.05    43.52   4584.125  11112.887   216.508    -0.987     61.78    61.588   215.875   672.252    1.29     22.42 0.3866E+01 0.4917E+00
   3.06    43.69   4582.542  11110.642   216.898    -0.992     61.77    61.486   217.458   674.967    1.29     22.52 0.3817E+01 0.4899E+00
   3.07    43.86   4580.951  11108.385   217.292    -0.997     61.76    61.384   219.049   677.689    1.30     22.61 0.3768E+01 0.4882E+00
   3.08    44.03   4579.352  11106.117   217.690    -1.003     61.75    61.283   220.648   680.417    1.31     22.70 0.3721E+01 0.4864E+00
   3.09    44.19   4577.745  11103.836   218.092    -1.008     61.73    61.180   222.255   683.152    1.31     22.79 0.3674E+01 0.4846E+00
   3.10    44.36   4576.129  11101.544   218.499    -1.014     61.72    61.078   223.871   685.894    1.32     22.88 0.3628E+01 0.4829E+00
   3.11    44.53   4574.506  11099.240   218.909    -1.019     61.71    60.976   225.494   688.642    1.33     22.97 0.3582E+01 0.4811E+00
   3.12    44.70   4572.874  11096.924   219.323    -1.025     61.70    60.873   227.126   691.398    1.33     23.06 0.3538E+01 0.4794E+00
   3.13    44.87   4571.234  11094.596   219.742    -1.031     61.68    60.771   228.766   694.160    1.34     23.16 0.3494E+01 0.4777E+00
   3.14    45.04   4569.585  11092.255   220.165    -1.036     61.67    60.668   230.415   696.929    1.34     23.25 0.3451E+01 0.4760E+00
   3.15    45.21   4567.928  11089.903   220.593    -1.042     61.66    60.565   232.072   699.706    1.35     23.34 0.3408E+01 0.4743E+00
   3.16    45.38   4566.262  11087.538   221.025    -1.048     61.64    60.462   233.738   702.489    1.36     23.43 0.3366E+01 0.4726E+00
   3.17    45.56   4564.588  11085.160   221.462    -1.053     61.63    60.359   235.412   705.280    1.36     23.53 0.3325E+01 0.4709E+00
   3.18    45.73   4562.906  11082.771   221.903    -1.059     61.62    60.255   237.094   708.078    1.37     23.62 0.3285E+01 0.4692E+00
   3.19    45.90   4561.214  11080.368   222.349    -1.065     61.60    60.152   238.786   710.883    1.38     23.71 0.3245E+01 0.4675E+00
   3.20    46.07   4559.514  11077.953   222.799    -1.071     61.59    60.048   240.486   713.696    1.38     23.81 0.3206E+01 0.4659E+00
   3.21    46.24   4557.805  11075.525   223.255    -1.077     61.58    59.944   242.195   716.516    1.39     23.90 0.3167E+01 0.4642E+00
   3.22    46.42   4556.087  11073.084   223.715    -1.083     61.56    59.840   243.913   719.344    1.40     24.00 0.3129E+01 0.4626E+00
   3.23    46.59   4554.361  11070.631   224.180    -1.089     61.55    59.736   245.639   722.179    1.40     24.09 0.3092E+01 0.4610E+00
   3.24    46.77   4552.625  11068.164   224.650    -1.095     61.54    59.632   247.375   725.022    1.41     24.19 0.3055E+01 0.4594E+00
   3.25    46.94   4550.880  11065.684   225.126    -1.101     61.52    59.528   249.120   727.873    1.42     24.28 0.3018E+01 0.4577E+00
   3.26    47.11   4549.127  11063.191   225.607    -1.107     61.51    59.423   250.873   730.732    1.42     24.38 0.2983E+01 0.4561E+00
   3.27    47.29   4547.364  11060.685   226.092    -1.114     61.49    59.318   252.636   733.599    1.43     24.47 0.2948E+01 0.4545E+00
   3.28    47.47   4545.591  11058.166   226.584    -1.120     61.48    59.213   254.409   736.473    1.44     24.57 0.2913E+01 0.4530E+00
   3.29    47.64   4543.810  11055.632   227.081    -1.126     61.47    59.108   256.190   739.356    1.44     24.66 0.2879E+01 0.4514E+00
   3.30    47.82   4542.019  11053.086   227.583    -1.132     61.45    59.003   257.981   742.247    1.45     24.76 0.2845E+01 0.4498E+00
   3.31    48.00   4540.219  11050.525   228.091    -1.139     61.44    58.898   259.781   745.146    1.46     24.86 0.2812E+01 0.4483E+00
   3.32    48.17   4538.409  11047.951   228.605    -1.145     61.42    58.792   261.591   748.053    1.46     24.95 0.2780E+01 0.4467E+00
   3.33    48.35   4536.590  11045.363   229.124    -1.152     61.41    58.686   263.410   750.969    1.47     25.05 0.2748E+01 0.4452E+00
   3.34    48.53   4534.761  11042.761   229.650    -1.158     61.39    58.580   265.239   753.893    1.48     25.15 0.2716E+01 0.4436E+00
   3.35    48.71   4532.923  11040.144   230.181    -1.165     61.38    58.474   267.077   756.826    1.49     25.25 0.2685E+01 0.4421E+00
   3.36    48.89   4531.074  11037.514   230.719    -1.172     61.36    58.368   268.926   759.768    1.49     25.34 0.2655E+01 0.4406E+00
   3.37    49.07   4529.216  11034.869   231.263    -1.178     61.35    58.262   270.784   762.718    1.50     25.44 0.2624E+01 0.4391E+00
   3.38    49.25   4527.348  11032.210   231.813    -1.185     61.34    58.155   272.652   765.677    1.51     25.54 0.2595E+01 0.4375E+00
   3.39    49.43   4525.470  11029.536   232.370    -1.192     61.32    58.048   274.530   768.645    1.51     25.64 0.2566E+01 0.4360E+00
   3.40    49.61   4523.582  11026.847   232.933    -1.199     61.31    57.941   276.418   771.622    1.52     25.74 0.2537E+01 0.4346E+00
   3.41    49.79   4521.683  11024.144   233.503    -1.206     61.29    57.834   278.317   774.609    1.53     25.84 0.2508E+01 0.4331E+00
   3.42    49.97   4519.774  11021.426   234.080    -1.213     61.28    57.726   280.226   777.604    1.54     25.94 0.2480E+01 0.4316E+00
   3.43    50.16   4517.855  11018.692   234.664    -1.220     61.26    57.619   282.145   780.609    1.54     26.04 0.2453E+01 0.4301E+00
   3.44    50.34   4515.926  11015.944   235.255    -1.227     61.24    57.511   284.074   783.623    1.55     26.14 0.2426E+01 0.4287E+00
   3.45    50.52   4513.986  11013.180   235.853    -1.235     61.23    57.403   286.014   786.647    1.56     26.24 0.2399E+01 0.4272E+00
   3.46    50.71   4512.036  11010.401   236.458    -1.242     61.21    57.295   287.964   789.681    1.57     26.34 0.2373E+01 0.4258E+00
   3.47    50.89   4510.074  11007.606   237.071    -1.249     61.20    57.186   289.926   792.724    1.57     26.44 0.2347E+01 0.4243E+00
   3.48    51.08   4508.102  11004.795   237.691    -1.257     61.18    57.078   291.898   795.777    1.58     26.55 0.2321E+01 0.4229E+00
   3.49    51.26   4506.120  11001.968   238.320    -1.264     61.17    56.969   293.880   798.840    1.59     26.65 0.2296E+01 0.4214E+00
   3.50    51.45   4504.126  10999.126   238.956    -1.272     61.15    56.860   295.874   801.913    1.60     26.75 0.2271E+01 0.4200E+00
   3.51    51.63   4502.121  10996.267   239.600    -1.279     61.14    56.751   297.879   804.997    1.60     26.85 0.2247E+01 0.4186E+00
   3.52    51.82   4500.105  10993.392   240.252    -1.287     61.12    56.641   299.895   808.090    1.61     26.96 0.2223E+01 0.4172E+00
   3.53    52.01   4498.078  10990.501   240.912    -1.295     61.10    56.531   301.922   811.194    1.62     27.06 0.2199E+01 0.4158E+00
   3.54    52.20   4496.039  10987.593   241.582    -1.303     61.09    56.421   303.961   814.309    1.63     27.16 0.2176E+01 0.4144E+00
   3.55    52.39   4493.989  10984.668   242.259    -1.311     61.07    56.311   306.011   817.434    1.63     27.27 0.2153E+01 0.4130E+00
   3.56    52.58   4491.927  10981.727   242.946    -1.319     61.05    56.201   308.073   820.571    1.64     27.37 0.2130E+01 0.4116E+00
   3.57    52.77   4489.854  10978.768   243.642    -1.327     61.04    56.090   310.146   823.718    1.65     27.48 0.2108E+01 0.4102E+00
   3.58    52.96   4487.769  10975.792   244.347    -1.335     61.02    55.979   312.231   826.876    1.66     27.58 0.2086E+01 0.4089E+00
   3.59    53.15   4485.672  10972.799   245.061    -1.343     61.01    55.868   314.328   830.045    1.67     27.69 0.2064E+01 0.4075E+00
   3.60    53.34   4483.563  10969.788   245.785    -1.351     60.99    55.756   316.437   833.226    1.67     27.79 0.2042E+01 0.4061E+00
   3.61    53.53   4481.441  10966.759   246.518    -1.360     60.97    55.645   318.559   836.418    1.68     27.90 0.2021E+01 0.4048E+00
   3.62    53.73   4479.308  10963.713   247.262    -1.368     60.95    55.533   320.692   839.622    1.69     28.01 0.2001E+01 0.4034E+00
   3.63    53.92   4477.162  10960.648   248.016    -1.377     60.94    55.421   322.838   842.837    1.70     28.12 0.1980E+01 0.4021E+00
   3.64    54.12   4475.004  10957.565   248.780    -1.386     60.92    55.308   324.996   846.064    1.71     28.22 0.1960E+01 0.4008E+00
   3.65    54.31   4472.833  10954.463   249.555    -1.395     60.90    55.195   327.167   849.304    1.71     28.33 0.1940E+01 0.3994E+00
   3.66    54.51   4470.649  10951.343   250.341    -1.404     60.89    55.082   329.351   852.556    1.72     28.44 0.1920E+01 0.3981E+00
   3.67    54.70   4468.452  10948.204   251.138    -1.413     60.87    54.969   331.548   855.820    1.73     28.55 0.1901E+01 0.3968E+00
   3.68    54.90   4466.242  10945.046   251.946    -1.422     60.85    54.856   333.758   859.096    1.74     28.66 0.1882E+01 0.3955E+00
   3.69    55.10   4464.020  10941.868   252.766    -1.431     60.83    54.742   335.980   862.385    1.75     28.77 0.1863E+01 0.3942E+00
   3.70    55.30   4461.783  10938.671   253.598    -1.440     60.82    54.628   338.217   865.688    1.76     28.88 0.1845E+01 0.3929E+00
   3.71    55.50   4459.534  10935.455   254.442    -1.450     60.80    54.513   340.466   869.003    1.76     28.99 0.1826E+01 0.3916E+00
   3.72    55.70   4457.270  10932.218   255.298    -1.459     60.78    54.398   342.730   872.331    1.77     29.10 0.1809E+01 0.3903E+00
   3.73    55.90   4454.993  10928.961   256.167    -1.469     60.76    54.283   345.007   875.673    1.78     29.21 0.1791E+01 0.3890E+00
   3.74    56.10   4452.702  10925.684   257.049    -1.479     60.74    54.168   347.298   879.028    1.79     29.32 0.1773E+01 0.3877E+00
   3.75    56.30   4450.397  10922.386   257.945    -1.488     60.72    54.052   349.603   882.397    1.80     29.43 0.1756E+01 0.3864E+00
   3.76    56.51   4448.078  10919.067   258.853    -1.498     60.71    53.936   351.922   885.780    1.81     29.55 0.1739E+01 0.3851E+00
   3.77    56.71   4445.744  10915.727   259.776    -1.509     60.69    53.820   354.256   889.177    1.82     29.66 0.1722E+01 0.3839E+00
   3.78    56.91   4443.396  10912.366   260.713    -1.519     60.67    53.703   356.604   892.588    1.83     29.77 0.1706E+01 0.3826E+00
   3.79    57.12   4441.033  10908.983   261.665    -1.529     60.65    53.586   358.967   896.014    1.83     29.89 0.1690E+01 0.3813E+00
   3.80    57.33   4438.655  10905.578   262.632    -1.540     60.63    53.469   361.345   899.455    1.84     30.00 0.1674E+01 0.3801E+00
   3.81    57.53   4436.262  10902.151   263.614    -1.550     60.61    53.351   363.738   902.911    1.85     30.12 0.1658E+01 0.3788E+00
   3.82    57.74   4433.854  10898.701   264.612    -1.561     60.59    53.233   366.146   906.382    1.86     30.24 0.1642E+01 0.3776E+00
   3.83    57.95   4431.430  10895.229   265.626    -1.572     60.57    53.115   368.570   909.868    1.87     30.35 0.1627E+01 0.3763E+00
   3.84    58.16   4428.990  10891.733   266.656    -1.583     60.55    52.996   371.010   913.370    1.88     30.47 0.1612E+01 0.3751E+00
   3.85    58.37   4426.535  10888.214   267.704    -1.594     60.53    52.877   373.465   916.887    1.89     30.59 0.1597E+01 0.3739E+00
   3.86    58.58   4424.063  10884.672   268.769    -1.606     60.52    52.758   375.937   920.421    1.90     30.70 0.1582E+01 0.3726E+00
   3.87    58.80   4421.575  10881.105   269.851    -1.617     60.50    52.638   378.425   923.972    1.91     30.82 0.1568E+01 0.3714E+00
   3.88    59.01   4419.071  10877.515   270.953    -1.629     60.48    52.517   380.929   927.538    1.92     30.94 0.1554E+01 0.3702E+00
   3.89    59.22   4416.549  10873.899   272.073    -1.641     60.46    52.397   383.451   931.122    1.93     31.06 0.1540E+01 0.3690E+00
   3.90    59.44   4414.011  10870.259   273.212    -1.653     60.44    52.276   385.989   934.723    1.94     31.18 0.1526E+01 0.3677E+00
   3.91    59.65   4411.456  10866.593   274.371    -1.665     60.41    52.154   388.544   938.341    1.95     31.30 0.1512E+01 0.3665E+00
   3.92    59.87   4408.883  10862.901   275.551    -1.678     60.39    52.032   391.117   941.977    1.96     31.42 0.1499E+01 0.3653E+00
   3.93    60.09   4406.292  10859.184   276.752    -1.690     60.37    51.910   393.708   945.631    1.97     31.54 0.1486E+01 0.3641E+00
   3.94    60.31   4403.683  10855.440   277.974    -1.703     60.35    51.787   396.317   949.304    1.98     31.67 0.1473E+01 0.3629E+00
   3.95    60.53   4401.057  10851.669   279.219    -1.716     60.33    51.664   398.943   952.995    1.99     31.79 0.1460E+01 0.3617E+00
   3.96    60.75   4398.411  10847.871   280.486    -1.729     60.31    51.540   401.589   956.705    2.00     31.91 0.1447E+01 0.3605E+00
   3.97    60.97   4395.747  10844.045   281.777    -1.743     60.29    51.416   404.253   960.434    2.01     32.04 0.1435E+01 0.3593E+00
   3.98    61.20   4393.064  10840.191   283.093    -1.756     60.27    51.291   406.936   964.182    2.02     32.16 0.1423E+01 0.3582E+00
   3.99    61.42   4390.361  10836.308   284.433    -1.770     60.25    51.166   409.639   967.951    2.03     32.29 0.1410E+01 0.3570E+00
   4.00    61.65   4387.638  10832.397   285.799    -1.784     60.22    51.041   412.362   971.740    2.04     32.42 0.1399E+01 0.3558E+00
   4.01    61.88   4384.896  10828.456   287.192    -1.798     60.20    50.915   415.104   975.549    2.05     32.54 0.1387E+01 0.3546E+00
   4.02    62.10   4382.133  10824.484   288.612    -1.813     60.18    50.788   417.867   979.380    2.06     32.67 0.1375E+01 0.3534E+00
   4.03    62.33   4379.350  10820.483   290.061    -1.828     60.16    50.661   420.650   983.232    2.07     32.80 0.1364E+01 0.3523E+00
   4.04    62.56   4376.545  10816.450   291.539    -1.843     60.14    50.533   423.455   987.106    2.08     32.93 0.1353E+01 0.3511E+00
   4.05    62.80   4373.719  10812.386   293.046    -1.858     60.11    50.405   426.281   991.002    2.09     33.06 0.1342E+01 0.3499E+00
   4.06    63.03   4370.872  10808.290   294.585    -1.874     60.09    50.276   429.128   994.921    2.10     33.19 0.1331E+01 0.3488E+00
   4.07    63.26   4368.002  10804.161   296.157    -1.889     60.07    50.147   431.998   998.863    2.11     33.32 0.1320E+01 0.3476E+00
   4.08    63.50   4365.110  10799.999   297.761    -1.906     60.04    50.017   434.890  1002.828    2.12     33.45 0.1310E+01 0.3464E+00
   4.09    63.74   4362.195  10795.804   299.400    -1.922     60.02    49.886   437.805  1006.818    2.13     33.59 0.1300E+01 0.3453E+00
   4.10    63.98   4359.256  10791.573   301.075    -1.939     60.00    49.755   440.744  1010.832    2.15     33.72 0.1290E+01 0.3441E+00
   4.11    64.22   4356.294  10787.308   302.786    -1.956     59.97    49.623   443.706  1014.871    2.16     33.85 0.1280E+01 0.3430E+00
   4.12    64.46   4353.308  10783.007   304.536    -1.973     59.95    49.491   446.692  1018.935    2.17     33.99 0.1270E+01 0.3418E+00
   4.13    64.70   4350.296  10778.669   306.325    -1.991     59.93    49.358   449.704  1023.026    2.18     34.13 0.1260E+01 0.3407E+00
   4.14    64.95   4347.260  10774.295   308.155    -2.009     59.90    49.224   452.740  1027.143    2.19     34.26 0.1251E+01 0.3396E+00
   4.15    65.19   4344.198  10769.882   310.028    -2.028     59.88    49.090   455.802  1031.287    2.20     34.40 0.1242E+01 0.3384E+00
   4.16    65.44   4341.110  10765.431   311.945    -2.047     59.85    48.955   458.890  1035.460    2.21     34.54 0.1233E+01 0.3373E+00
   4.17    65.69   4337.995  10760.940   313.908    -2.066     59.83    48.819   462.005  1039.660    2.23     34.68 0.1224E+01 0.3361E+00
   4.18    65.94   4334.853  10756.409   315.919    -2.086     59.80    48.682   465.147  1043.890    2.24     34.82 0.1215E+01 0.3350E+00
   4.19    66.19   4331.683  10751.836   317.979    -2.106     59.78    48.545   468.317  1048.150    2.25     34.96 0.1206E+01 0.3339E+00
   4.20    66.45   4328.484  10747.222   320.091    -2.127     59.75    48.407   471.516  1052.440    2.26     35.11 0.1198E+01 0.3327E+00
   4.21    66.71   4325.256  10742.564   322.257    -2.148     59.73    48.268   474.744  1056.761    2.28     35.25 0.1190E+01 0.3316E+00
   4.22    66.96   4321.999  10737.863   324.479    -2.169     59.70    48.128   478.001  1061.114    2.29     35.40 0.1182E+01 0.3305E+00
   4.23    67.23   4318.711  10733.116   326.759    -2.191     59.67    47.988   481.289  1065.500    2.30     35.54 0.1174E+01 0.3293E+00
   4.24    67.49   4315.392  10728.324   329.100    -2.214     59.65    47.846   484.608  1069.920    2.31     35.69 0.1166E+01 0.3282E+00
   4.25    67.75   4312.041  10723.484   331.505    -2.237     59.62    47.704   487.959  1074.374    2.33     35.84 0.1159E+01 0.3271E+00
   4.26    68.02   4308.658  10718.596   333.976    -2.261     59.59    47.561   491.342  1078.863    2.34     35.99 0.1151E+01 0.3259E+00
   4.27    68.29   4305.241  10713.658   336.517    -2.285     59.56    47.417   494.759  1083.389    2.35     36.14 0.1144E+01 0.3248E+00
   4.28    68.56   4301.789  10708.670   339.130    -2.310     59.54    47.272   498.211  1087.951    2.37     36.29 0.1137E+01 0.3237E+00
   4.29    68.83   4298.303  10703.629   341.819    -2.336     59.51    47.125   501.697  1092.552    2.38     36.45 0.1130E+01 0.3226E+00
   4.30    69.11   4294.780  10698.535   344.588    -2.362     59.48    46.978   505.220  1097.193    2.39     36.60 0.1123E+01 0.3214E+00
   4.31    69.38   4291.220  10693.386   347.441    -2.389     59.45    46.830   508.780  1101.874    2.41     36.76 0.1117E+01 0.3203E+00
   4.32    69.66   4287.622  10688.180   350.382    -2.417     59.42    46.681   512.378  1106.596    2.42     36.91 0.1111E+01 0.3192E+00
   4.33    69.95   4283.985  10682.917   353.415    -2.446     59.39    46.530   516.015  1111.361    2.44     37.07 0.1104E+01 0.3181E+00
   4.34    70.23   4280.307  10677.594   356.546    -2.475     59.36    46.379   519.693  1116.171    2.45     37.23 0.1099E+01 0.3169E+00
   4.35    70.52   4276.589  10672.209   359.779    -2.505     59.33    46.226   523.411  1121.026    2.46     37.40 0.1093E+01 0.3158E+00
   4.36    70.81   4272.827  10666.761   363.120    -2.537     59.30    46.072   527.173  1125.928    2.48     37.56 0.1087E+01 0.3147E+00
   4.37    71.11   4269.021  10661.247   366.575    -2.569     59.27    45.917   530.979  1130.879    2.49     37.72 0.1082E+01 0.3135E+00
   4.38    71.40   4265.170  10655.667   370.151    -2.602     59.24    45.760   534.830  1135.880    2.51     37.89 0.1077E+01 0.3124E+00
   4.39    71.70   4261.272  10650.016   373.854    -2.637     59.21    45.602   538.728  1140.932    2.52     38.06 0.1072E+01 0.3113E+00
   4.40    72.00   4257.325  10644.294   377.692    -2.672     59.18    45.443   542.675  1146.039    2.54     38.23 0.1067E+01 0.3101E+00
   4.41    72.31   4253.328  10638.498   381.674    -2.709     59.15    45.282   546.672  1151.200    2.55     38.40 0.1063E+01 0.3090E+00
   4.42    72.62   4249.280  10632.624   385.808    -2.747     59.11    45.119   550.720  1156.420    2.57     38.58 0.1058E+01 0.3079E+00
   4.43    72.93   4245.177  10626.671   390.105    -2.787     59.08    44.955   554.823  1161.699    2.59     38.75 0.1055E+01 0.3067E+00
   4.44    73.25   4241.019  10620.636   394.574    -2.828     59.05    44.790   558.981  1167.040    2.60     38.93 0.1051E+01 0.3056E+00
   4.45    73.57   4236.804  10614.514   399.228    -2.871     59.01    44.622   563.196  1172.446    2.62     39.11 0.1047E+01 0.3044E+00
   4.46    73.90   4232.528  10608.304   404.080    -2.915     58.98    44.453   567.472  1177.918    2.64     39.29 0.1044E+01 0.3033E+00
   4.47    74.23   4228.190  10602.001   409.143    -2.961     58.94    44.282   571.810  1183.461    2.65     39.48 0.1041E+01 0.3021E+00
   4.48    74.56   4223.786  10595.601   414.434    -3.009     58.91    44.109   576.214  1189.076    2.67     39.67 0.1039E+01 0.3010E+00
   4.49    74.90   4219.315  10589.101   419.969    -3.059     58.87    43.934   580.685  1194.768    2.69     39.86 0.1036E+01 0.2998E+00
