1026
1282
1538
1794
1034
1290
1546
1802
1042
1298
1554
1810
1050
1306
1562
1818
1029
1285
1541
1797
1037
1293
1549
1805
1045
1301
1557
1813
1053
1309
1565
1821
1030
1286
1542
1798
1038
1294
1550
1806
1046
1302
1558
1814
1054
1310
1566
1822
1028
1284
1540
1796
1036
1292
1548
1804
1044
1300
1556
1812
1052
1308
1564
1820
1027
1283
1539
1795
1035
1291
1547
1803
1043
1299
1555
1811
1051
1307
1563
1819
1032
1288
1544
1800
1040
1296
1552
1808
1048
1304
1560
1816
1056
1312
1568
1824
1031
1287
1543
1799
1039
1295
1551
1807
1047
1303
1559
1815
1311
1567
1823
1025
1281
1537
1793
1033
1289
1545
1801
1041
1297
1553
1809
1049
1305
1561
1817
1159
1415
1671
1927
1167
1423
1679
1935
1175
1431
1687
1943
1183
1439
1695
1951
1153
1409
1665
1921
1161
1417
1673
1929
1169
1425
1681
1937
1177
1433
1689
1945
1154
1410
1666
1922
1162
1418
1674
1930
1170
1426
1682
1938
1178
1434
1690
1946
1157
1413
1669
1925
1165
1421
1677
1933
1173
1429
1685
1941
1181
1437
1693
1949
1158
1414
1670
1926
1166
1422
1678
1934
1174
1430
1686
1942
1182
1438
1694
1950
1156
1412
1668
1924
1164
1420
1676
1932
1172
1428
1684
1940
1180
1436
1692
1948
1155
1411
1667
1923
1163
1419
1675
1931
1171
1427
1683
1939
1179
1435
1691
1947
1160
1416
1672
1928
1168
1424
1680
1936
1176
1432
1688
1944
1184
1440
1696
1952
4474
2042
4730
2298
4482
2050
4738
2306
4477
2045
4733
2301
4485
2053
4741
2309
4478
2046
4734
2302
4486
2054
4742
2310
4476
2044
4732
2300
4484
2052
4740
2308
4475
2043
4731
2299
4483
2051
4739
2307
4480
2048
4736
2304
4488
2056
4744
2312
4479
2047
4735
2303
4487
2055
4743
2311
4473
2041
4729
2297
4481
2049
4737
2305
4607
2175
4786
2354
4615
2183
4837
2405
4601
2169
4609
2177
4602
2170
4610
2178
4605
2173
4808
2376
4613
2181
4859
2427
4606
2174
4784
2352
4614
2182
4835
2403
4604
2172
4809
2377
4612
2180
4860
2428
4603
2171
4785
2353
4611
2179
4836
2404
4608
2176
4810
2378
4616
2184
4861
2429
1018
1274
1530
1786
1010
1266
1522
1778
1002
1258
1514
1770
994
1250
1506
1762
1021
1277
1533
1789
1013
1269
1525
1781
1005
1261
1517
1773
997
1253
1509
1765
1022
1278
1534
1790
1014
1270
1526
1782
1006
1262
1518
1774
998
1254
1510
1766
1020
1276
1532
1788
1012
1268
1524
1780
1004
1260
1516
1772
996
1252
1508
1764
1019
1275
1531
1787
1011
1267
1523
1779
1003
1259
1515
1771
995
1251
1507
1763
1024
1280
1536
1792
1016
1272
1528
1784
1008
1264
1520
1776
1000
1256
1512
1768
1023
1279
1535
1791
1015
1271
1527
1783
1007
1263
1519
1775
999
1255
1511
1767
1017
1273
1529
1785
1009
1265
1521
1777
1001
1257
1513
1769
993
1249
1505
1761
1151
1407
1663
1919
1143
1399
1655
1911
1135
1391
1647
1903
1127
1383
1639
1895
1145
1401
1657
1913
1137
1393
1649
1905
1129
1385
1641
1897
1121
1377
1633
1889
1146
1402
1658
1914
1138
1394
1650
1906
1130
1386
1642
1898
1122
1378
1634
1890
1149
1405
1661
1917
1141
1397
1653
1909
1133
1389
1645
1901
1125
1381
1637
1893
1150
1406
1662
1918
1142
1398
1654
1910
1134
1390
1646
1902
1126
1382
1638
1894
1148
1404
1660
1916
1140
1396
1652
1908
1132
1388
1644
1900
1124
1380
1636
1892
1147
1403
1659
1915
1139
1395
1651
1907
1131
1387
1643
1899
1123
1379
1635
1891
1152
1408
1664
1920
1144
1400
1656
1912
1136
1392
1648
1904
1128
1384
1640
1896
954
1210
1466
1722
946
1202
1458
1714
938
1194
1450
1706
930
1186
1442
1698
957
1213
1469
1725
949
1205
1461
1717
941
1197
1453
1709
933
1189
1445
1701
958
1214
1470
1726
950
1206
1462
1718
942
1198
1454
1710
934
1190
1446
1702
956
1212
1468
1724
948
1204
1460
1716
940
1196
1452
1708
932
1188
1444
1700
955
1211
1467
1723
947
1203
1459
1715
939
1195
1451
1707
931
1187
1443
1699
960
1216
1472
1728
952
1208
1464
1720
944
1200
1456
1712
936
1192
1448
1704
959
1215
1471
1727
951
1207
1463
1719
943
1199
1455
1711
935
1191
1447
1703
953
1209
1465
1721
945
1201
1457
1713
937
1193
1449
1705
929
1185
1441
1697
1087
1343
1599
1855
1079
1335
1591
1847
1071
1327
1583
1839
1063
1319
1575
1831
1081
1337
1593
1849
1073
1329
1585
1841
1065
1321
1577
1833
1057
1313
1569
1825
1082
1338
1594
1850
1074
1330
1586
1842
1066
1322
1578
1834
1058
1314
1570
1826
1085
1341
1597
1853
1077
1333
1589
1845
1069
1325
1581
1837
1061
1317
1573
1829
1086
1342
1598
1854
1078
1334
1590
1846
1070
1326
1582
1838
1062
1318
1574
1830
1084
1340
1596
1852
1076
1332
1588
1844
1068
1324
1580
1836
1060
1316
1572
1828
1083
1339
1595
1851
1075
1331
1587
1843
1067
1323
1579
1835
1059
1315
1571
1827
1088
1344
1600
1856
1080
1336
1592
1848
1072
1328
1584
1840
1064
1320
1576
1832
4410
1978
4666
2234
4402
1970
4658
2226
4413
1981
4669
2237
4405
1973
4661
2229
4414
1982
4670
2238
4406
1974
4662
2230
4412
1980
4668
2236
4404
1972
4660
2228
4411
1979
4667
2235
4403
1971
4659
2227
4416
1984
4672
2240
4408
1976
4664
2232
4415
1983
4671
2239
4407
1975
4663
2231
4409
1977
4665
2233
4401
1969
4657
2225
4543
2111
4774
2342
4535
2103
4822
2390
4537
2105
4529
2097
4538
2106
4530
2098
4541
2109
4796
2364
4533
2101
4844
2412
4542
2110
4772
2340
4534
2102
4820
2388
4540
2108
4797
2365
4532
2100
4845
2413
4539
2107
4773
2341
4531
2099
4821
2389
4544
2112
4798
2366
4536
2104
4846
2414
4418
1986
4674
2242
4426
1994
4682
2250
4421
1989
4677
2245
4429
1997
4685
2253
4422
1990
4678
2246
4430
1998
4686
2254
4420
1988
4676
2244
4428
1996
4684
2252
4419
1987
4675
2243
4427
1995
4683
2251
4424
1992
4680
2248
4432
2000
4688
2256
4423
1991
4679
2247
4431
1999
4687
2255
4417
1985
4673
2241
4425
1993
4681
2249
4551
2119
4825
2393
4559
2127
4777
2345
4545
2113
4553
2121
4546
2114
4554
2122
4549
2117
4847
2415
4557
2125
4799
2367
4550
2118
4823
2391
4558
2126
4775
2343
4548
2116
4848
2416
4556
2124
4800
2368
4547
2115
4824
2392
4555
2123
4776
2344
4552
2120
4849
2417
4560
2128
4801
2369
962
1218
1474
1730
970
1226
1482
1738
978
1234
1490
1746
986
1242
1498
1754
965
1221
1477
1733
973
1229
1485
1741
981
1237
1493
1749
989
1245
1501
1757
966
1222
1478
1734
974
1230
1486
1742
982
1238
1494
1750
990
1246
1502
1758
964
1220
1476
1732
972
1228
1484
1740
980
1236
1492
1748
988
1244
1500
1756
963
1219
1475
1731
971
1227
1483
1739
979
1235
1491
1747
987
1243
1499
1755
968
1224
1480
1736
976
1232
1488
1744
984
1240
1496
1752
992
1248
1504
1760
967
1223
1479
1735
975
1231
1487
1743
983
1239
1495
1751
991
1247
1503
1759
961
1217
1473
1729
969
1225
1481
1737
977
1233
1489
1745
985
1241
1497
1753
1095
1351
1607
1863
1103
1359
1615
1871
1111
1367
1623
1879
1119
1375
1631
1887
1089
1345
1601
1857
1097
1353
1609
1865
1105
1361
1617
1873
1113
1369
1625
1881
1090
1346
1602
1858
1098
1354
1610
1866
1106
1362
1618
1874
1114
1370
1626
1882
1093
1349
1605
1861
1101
1357
1613
1869
1109
1365
1621
1877
1117
1373
1629
1885
1094
1350
1606
1862
1102
1358
1614
1870
1110
1366
1622
1878
1118
1374
1630
1886
1092
1348
1604
1860
1100
1356
1612
1868
1108
1364
1620
1876
1116
1372
1628
1884
1091
1347
1603
1859
1099
1355
1611
1867
1107
1363
1619
1875
1115
1371
1627
1883
1096
1352
1608
1864
1104
1360
1616
1872
1112
1368
1624
1880
1120
1376
1632
1888
