0.38
161.827
424.278
0.38
137.501
430.702
25.221
127.211
430.702
29.691
149.686
424.278
0.38
232.042
613.746
0.38
196.989
623.002
36.153
182.171
623.002
42.594
214.556
613.746
0.38
137.334
430.746
0.38
113.007
437.169
20.721
104.582
437.169
25.191
127.057
430.746
0.38
196.822
623.046
0.38
161.769
632.302
29.682
149.632
632.302
36.123
182.017
623.046
25.341
126.995
430.746
20.872
104.519
437.169
39.659
96.738
437.169
48.259
117.502
430.746
36.273
181.954
623.046
29.833
149.569
632.302
56.898
138.358
632.302
69.292
168.278
623.046
29.842
149.624
424.278
25.372
127.149
430.702
48.318
117.644
430.702
56.919
138.408
424.278
42.745
214.494
613.746
36.304
182.108
623.002
69.351
168.42
623.002
81.744
198.34
613.746
0.38
110.434
430.249
0.381
88.812
434.86
21.479
80.073
434.86
26.693
99.534
430.248
0.38
159.131
625.123
0.381
124.43
632.525
30.069
112.132
632.524
38.438
143.367
625.123
0.381
88.644
434.896
0.382
67.023
439.507
16.224
60.461
439.507
21.438
79.921
434.896
0.381
124.261
632.561
0.382
89.56
639.962
21.66
80.747
639.962
30.029
111.98
632.56
21.587
79.859
434.896
16.374
60.399
439.507
31.13
54.286
439.507
41.204
71.734
434.896
30.178
111.919
632.56
21.809
80.685
639.962
41.636
72.472
639.961
57.805
100.475
632.56
41.353
71.672
434.896
31.279
54.224
439.507
47.122
47.662
439.507
62.411
62.95
434.895
57.954
100.413
632.56
41.785
72.41
639.961
63.063
63.597
639.961
87.601
88.133
632.559
51.506
89.256
430.248
41.432
71.808
434.859
62.53
63.069
434.859
77.82
78.357
430.247
74.201
128.553
625.122
58.032
100.55
632.524
87.72
88.252
632.523
112.259
112.789
625.122
26.843
99.473
430.248
21.628
80.011
434.86
41.283
71.87
434.859
51.357
89.318
430.248
38.587
143.305
625.123
30.219
112.071
632.524
57.883
100.612
632.524
74.052
128.615
625.122
57.921
137.993
424.278
49.32
117.229
430.702
72.267
107.724
430.702
84.999
126.777
424.278
82.746
197.925
613.746
70.353
168.005
623.002
103.399
154.317
623.002
121.745
181.771
613.746
49.262
117.087
430.746
40.661
96.322
437.169
59.448
88.54
437.169
72.18
107.594
430.746
70.294
167.863
623.046
57.901
137.943
632.302
84.966
126.732
632.302
103.312
154.186
623.046
72.33
107.531
430.746
59.599
88.478
437.169
79.939
80.053
437.169
97.141
97.254
430.746
103.463
154.124
623.046
85.117
126.67
632.302
114.419
114.532
632.302
139.206
139.319
623.046
85.149
126.715
424.278
72.418
107.662
430.702
97.259
97.372
430.702
114.461
114.574
424.278
121.896
181.708
613.746
103.55
154.254
623.002
139.323
139.436
623.002
164.109
164.223
613.746
