4.2631
2653.0208
15.7059
72.0061
2646.3562
15.7154
63.0308
2601.1899
-37.0051
4.2631
2606.9714
-37.0134
4.2631
2791.2163
-85.2068
98.9657
2781.8992
-85.1935
86.1726
2717.4861
-160.3792
4.2631
2725.5447
-160.3907
4.5631
2653.0369
15.3007
71.715
2646.4299
15.3101
62.8104
2601.6191
-36.9955
4.5631
2607.3496
-37.0037
4.5631
2790.9885
-85.4339
98.627
2781.7341
-85.4207
85.9113
2717.7104
-160.1519
4.5631
2725.7136
-160.1633
4.2631
2634.2979
91.2648
68.3645
2627.9998
91.2857
63.0493
2601.1919
49.4159
4.2631
2606.9675
49.3968
4.2631
2799.3977
-4.5847
100.5571
2789.9368
-4.5534
93.1269
2752.4141
-63.1568
4.2631
2761.1443
-63.1858
4.5631
2634.3645
90.8617
68.0834
2628.124
90.8824
62.8287
2601.6213
49.49
4.5631
2607.3459
49.4711
4.5631
2799.2036
-4.8365
100.2252
2789.8052
-4.8053
92.8588
2752.605
-62.905
4.5631
2761.2793
-62.9337
4.2631
2629.7776
151.6823
67.4559
2623.5586
151.6935
63.014
2601.1907
107.1969
4.2631
2606.9724
107.1865
4.2631
2804.0691
73.581
101.46
2794.5032
73.5982
95.2468
2763.1912
11.3106
4.2631
2772.1455
11.2945
4.5631
2629.8862
151.2914
67.1829
2623.7234
151.3025
62.7916
2601.6104
107.3132
4.5631
2607.3411
107.3028
4.5631
2803.9021
73.3135
101.1334
2794.3982
73.3306
94.9735
2763.3552
11.5782
4.5631
2772.2529
11.5622
4.2648
2625.0054
208.591
66.5384
2618.8711
208.5898
63.0202
2601.1875
161.954
4.2631
2606.9751
161.9551
4.2631
2806.5742
149.1136
101.9628
2796.9504
149.1118
97.0368
2772.1931
83.8227
4.2631
2781.332
83.8245
4.5631
2625.1545
208.2167
66.2732
2619.0757
208.2156
62.7951
2601.5933
162.1111
4.5631
2607.3291
162.1122
4.5631
2806.436
148.8333
101.6416
2796.8735
148.8314
96.7579
2772.3293
84.1032
4.5631
2781.4106
84.1049
4.2841
2620.0339
262.8144
65.5869
2613.991
262.7966
63.0304
2601.1841
214.5323
4.2631
2606.9773
214.5493
4.2631
2806.8828
222.6299
102.0462
2797.2441
222.6016
98.4584
2779.314
155.0271
4.2631
2788.5994
155.0544
4.5631
2620.2231
262.4608
65.3291
2614.2329
262.4432
62.8017
2601.5718
214.7285
4.5631
2607.313
214.7454
4.5631
2806.7749
222.3398
101.7308
2797.1965
222.3116
98.1738
2779.4207
155.3173
4.5631
2788.6482
155.3444
4.2631
2612.6938
301.2176
64.1333
2606.7954
301.2056
63.0162
2601.1873
265.6627
4.2503
2606.9768
265.6744
4.2631
2822.7629
278.6285
105.1182
2812.8271
278.6083
103.307
2803.7744
221.2312
4.2631
2813.5322
221.251
4.5631
2612.9167
300.8887
63.8825
2607.0723
300.8768
62.7831
2601.5532
265.8959
4.5631
2607.2886
265.9076
4.5631
2822.686
278.3319
104.8088
2812.8098
278.3118
103.0163
2803.8506
221.528
4.5631
2813.5505
221.5477
4.2631
2608.9436
337.8289
63.4071
2603.1196
337.842
63.029
2601.1875
301.8959
4.2631
2606.9744
301.883
4.2631
2820.2454
337.3218
104.6229
2810.3623
337.344
104.0185
2807.2427
279.3135
4.2631
2817.0657
279.2914
4.5631
2609.1995
337.5284
63.1628
2603.4292
337.5413
62.7907
2601.5271
302.1636
4.5631
2607.2612
302.1507
4.5631
2820.1992
337.0219
104.3197
2810.376
337.044
103.7216
2807.2881
279.6134
4.5631
2817.0525
279.5915
4.2631
2606.9736
368.8543
63.024
2601.1885
368.8274
63.269
2602.4397
337.8536
4.2631
2608.2493
337.8806
4.2631
2827.4509
387.6105
106.0395
2817.4302
387.5638
106.4219
2819.4626
337.3028
4.2631
2829.521
337.3496
4.5672
2607.2566
368.5797
62.7851
2601.5249
368.553
63.0255
2602.7532
338.1531
4.5434
2608.511
338.1798
4.5673
2827.4336
387.3103
105.7418
2817.4719
387.2639
106.1196
2819.48
337.6029
4.5433
2829.481
337.6495
4.2631
2606.978
399.9875
63.0186
2601.1846
400.0212
63.8023
2605.0828
369.2773
4.2631
2610.9534
369.243
4.2631
2824.9656
437.8853
105.5484
2814.9788
437.9436
106.8373
2821.3025
388.0569
4.2631
2831.4158
387.998
4.5634
2607.2842
399.7415
62.7842
2601.5437
399.7749
63.5534
2605.3694
369.6005
4.5906
2611.1829
369.5666
4.5633
2824.9746
437.5876
105.2561
2815.0464
437.6455
106.5296
2821.2942
388.3546
4.5907
2831.345
388.296
4.2631
2606.9778
431.4735
63.0044
2601.1865
431.4918
64.3021
2607.6973
401.211
4.2631
2613.6162
401.1923
4.2631
2820.8027
488.2181
104.725
2810.8982
488.2494
106.8415
2821.4612
439.117
4.2631
2831.5745
439.085
4.5459
2607.3054
431.2575
62.7738
2601.5652
431.2757
64.0475
2607.9551
401.556
4.563
2613.8196
401.5374
4.5459
2820.8391
487.9247
104.4377
2810.9907
487.9559
106.5288
2821.4277
439.4103
4.563
2831.4802
439.3785
4.2631
2606.9775
463.5681
63.0223
2601.1846
463.5807
64.8256
2610.2593
433.9936
4.2631
2616.2297
433.9806
4.2631
2824.4556
542.1331
105.4547
2814.4797
542.1547
108.4418
2829.4587
493.3147
4.2631
2839.7285
493.2924
4.5633
2607.3213
463.3839
62.7951
2601.5803
463.3963
64.565
2610.4871
434.3575
4.5789
2616.4004
434.3447
4.5632
2824.5156
541.8463
105.1722
2814.5974
541.8679
108.1242
2829.4004
493.6013
4.579
2839.6077
493.5791
4.2622
2606.9753
496.55
63.0181
2601.1877
496.551
65.3186
2612.7556
467.8824
4.2641
2618.7693
467.8813
4.2631
2816.7222
593.7443
103.9379
2806.9038
593.7462
107.738
2825.9971
546.4271
4.2631
2836.1895
546.4253
4.5631
2607.3335
496.3988
62.7929
2601.5977
496.3998
65.0525
2612.9509
468.2627
4.5631
2618.9094
468.2616
4.5631
2816.8069
593.4664
103.6602
2807.0454
593.4682
107.4156
2825.9143
546.705
4.5631
2836.0457
546.7032
4.2631
2606.9727
530.7381
63.0145
2601.1902
530.7302
65.7851
2615.1655
503.1982
4.2631
2621.2209
503.2065
4.2631
2807.3867
645.8066
102.1189
2797.7549
645.7935
106.6913
2820.8191
600.356
4.2631
2830.9009
600.3698
4.5631
2607.343
530.6211
62.7924
2601.6113
530.6133
65.5116
2615.3279
503.5919
4.5631
2621.3267
503.6001
4.5631
2807.4954
645.5395
101.8458
2797.9199
645.5265
106.3645
2820.7134
600.623
4.5631
2830.7334
600.6366
4.2631
2606.9736
566.5092
63.0349
2601.1873
566.5083
66.2619
2617.4639
540.3231
4.2631
2623.5681
540.324
4.2631
2829.4924
721.5237
106.4366
2819.4326
721.5222
112.1329
2848.1301
675.3536
4.2631
2858.7507
675.3553
4.5632
2607.3525
566.4273
62.8145
2601.6172
566.4264
65.9816
2617.5916
540.7271
4.5716
2623.6382
540.728
4.5632
2829.624
721.2697
106.168
2819.6199
721.2682
111.8016
2848.002
675.6076
4.5716
2858.5593
675.6093
4.2631
2606.9724
604.3139
63.0123
2601.1907
604.3043
66.6716
2619.6431
579.6645
4.2631
2625.7852
579.6748
4.2631
2815.054
778.0644
103.6213
2805.2751
778.048
110.0847
2837.8027
734.6118
4.2631
2848.2175
734.6293
4.5631
2607.3567
604.2678
62.7929
2601.6262
604.2581
66.3844
2619.7358
580.0757
4.5631
2625.8201
580.0859
4.5756
2815.2058
777.8252
103.3569
2805.4839
777.8088
109.7492
2837.6531
734.8508
4.5631
2848.0054
734.8682
4.2633
2606.9719
644.7266
63.0229
2601.1902
644.7198
67.0891
2621.6782
621.8134
4.2633
2627.8604
621.8207
4.2633
2799.0381
835.8719
100.5033
2789.5679
835.8607
107.6701
2825.6794
795.487
4.2633
2835.8547
795.499
4.5633
2607.3586
644.7166
62.8041
2601.6279
644.7098
66.7947
2621.7356
622.2288
4.5633
2627.8591
622.236
4.5633
2799.2114
835.6495
100.2427
2789.7966
835.6384
107.3306
2825.5105
795.7093
4.5633
2835.6228
795.7213
4.2631
2577.7644
663.5524
57.3748
2572.5337
663.5524
62.2546
2597.0659
640.5958
4.2631
2602.7778
640.5958
4.2631
2754.917
870.9747
91.9355
2746.282
870.9747
99.9907
2786.7783
833.0798
4.2631
2796.2065
833.0798
4.5631
2578.1521
663.5776
57.1562
2572.9724
663.5776
61.953
2597.0874
641.0117
4.5631
2602.7395
641.0117
4.5631
2755.1094
870.7711
91.6788
2746.5291
870.7711
99.6475
2786.5903
833.2833
4.5631
2795.9551
833.2833
4.2631
2550.0569
685.0986
51.9693
2545.3582
685.0986
57.3778
2572.5483
663.5701
4.2631
2577.7798
663.5701
4.2631
2709.1797
906.5414
83.0126
2701.4233
906.5414
91.9404
2746.3064
871.0037
4.2631
2754.9417
871.0037
4.5631
2550.4407
685.1583
51.75
2545.7932
685.1583
57.0695
2572.5361
663.9835
4.5631
2577.7075
663.9835
4.5631
2709.3877
906.3568
82.759
2701.686
906.3568
91.594
2746.1025
871.1885
4.5631
2754.6743
871.1885
4.2631
2520.0254
704.6172
46.1105
2515.9041
704.6172
51.971
2545.3667
685.1107
4.2631
2550.0657
685.1107
4.2631
2659.606
938.7611
73.3413
2652.8025
938.7611
83.0154
2701.4375
906.5614
4.2631
2709.1938
906.5614
4.5631
2520.4026
704.7114
45.8898
2516.3323
704.7114
51.656
2545.3208
685.5191
4.5631
2549.959
685.5191
4.5631
2659.8291
938.597
73.0906
2653.0801
938.597
82.6661
2701.219
906.7255
4.5631
2708.9116
906.7255
90.3052
2434.2942
734.4446
119.5066
2420.7664
730.5803
156.4004
2457.6602
705.7112
123.7966
2484.4177
705.7112
140.4516
2509.3435
993.0103
186.6719
2487.9319
986.894
255.3988
2556.6587
940.567
201.5792
2600.8274
940.567
90.79
2434.48
734.5612
119.497
2421.1812
730.7625
156.0836
2457.7678
706.1004
123.9638
2484.1277
706.1004
140.8811
2509.4463
992.8417
186.5882
2488.2727
986.7933
254.9728
2556.657
940.6971
201.6606
2600.4092
940.6971
62.5509
2446.2424
735.664
90.3052
2434.2942
734.4446
123.7966
2484.4177
705.7112
86.5992
2504.3
705.7112
96.5218
2528.2551
994.9404
140.4516
2509.3435
993.0103
201.5792
2600.8274
940.567
140.1768
2633.6479
940.567
62.9683
2446.4661
735.808
90.2343
2434.728
734.61
123.4649
2484.4612
706.1004
86.8197
2504.0483
706.1004
96.9017
2528.3884
994.7983
140.3254
2509.6948
992.8905
201.1617
2600.7427
940.6971
140.3382
2633.2537
940.6971
34.4771
2457.4192
734.4446
62.5509
2446.2424
735.664
86.5992
2504.3
705.7112
46.2377
2516.5437
705.7112
52.0862
2545.9456
993.0103
96.5218
2528.2551
994.9404
140.1768
2633.6479
940.567
73.5513
2653.8582
940.567
34.834
2457.6758
734.61
62.414
2446.6956
735.808
86.2654
2504.2778
706.1004
46.5031
2516.3398
706.1004
52.4237
2546.105
992.8905
96.3474
2528.6182
994.7983
139.7839
2633.4829
940.6971
73.7865
2653.5029
940.6971
4.2631
2468.502
730.5803
34.4771
2457.4192
734.4446
46.2377
2516.5437
705.7112
4.2631
2520.6775
705.7112
4.2631
2563.4883
986.894
52.0862
2545.9456
993.0103
73.5513
2653.8582
940.567
4.2631
2660.6826
940.567
4.5631
2468.7883
730.7625
34.2655
2457.8928
734.5612
45.9146
2516.4568
706.1004
4.5631
2520.5298
706.1004
4.5631
2563.6697
986.7933
51.8552
2546.322
992.8417
73.1981
2653.6204
940.6971
4.5631
2660.3801
940.6971
