4.5631
2653.0369
15.3007
71.715
2646.4299
15.3101
62.8104
2601.6191
-36.9955
4.5631
2607.3496
-37.0037
4.5631
2790.9885
-85.4339
98.627
2781.7341
-85.4207
85.9113
2717.7104
-160.1519
4.5631
2725.7136
-160.1633
7.5009
2639.0659
87.9657
36.8098
2636.1863
87.9752
35.4774
2622.5557
67.0903
6.1686
2625.4351
67.0808
8.2761
2760.6685
17.3247
48.6728
2756.6997
17.3378
46.949
2739.0647
-9.6825
6.5523
2743.0334
-9.6957
36.8098
2636.1863
87.9752
66.1187
2633.3069
87.9847
64.7863
2619.676
67.0999
35.4774
2622.5557
67.0903
48.6728
2756.6997
17.3378
89.0695
2752.731
17.351
87.3457
2735.0957
-9.6694
46.949
2739.0647
-9.6825
35.4774
2622.5557
67.0903
64.7863
2619.676
67.0999
63.4539
2606.0452
46.215
34.1451
2608.9248
46.2055
46.949
2739.0647
-9.6825
87.3457
2735.0957
-9.6694
85.6219
2717.4607
-36.6898
45.2252
2721.4294
-36.7029
6.1686
2625.4351
67.0808
35.4774
2622.5557
67.0903
34.1451
2608.9248
46.2055
4.8362
2611.8042
46.1959
6.5523
2743.0334
-9.6957
46.949
2739.0647
-9.6825
45.2252
2721.4294
-36.7029
4.8285
2725.3982
-36.716
7.0522
2634.7
149.025
36.3606
2631.8157
149.0302
35.2449
2620.4385
126.825
5.9365
2623.3232
126.8198
8.4948
2763.0073
91.466
48.8908
2759.0317
91.4732
47.4473
2744.3127
62.7446
7.0513
2748.2883
62.7374
36.3606
2631.8157
149.0302
65.669
2628.9314
149.0354
64.5533
2617.5544
126.8302
35.2449
2620.4385
126.825
48.8908
2759.0317
91.4732
89.2869
2755.0566
91.4803
87.8434
2740.3374
62.7517
47.4473
2744.3127
62.7446
35.2449
2620.4385
126.825
64.5533
2617.5544
126.8302
63.4376
2606.1772
104.625
34.1292
2609.0618
104.6198
47.4473
2744.3127
62.7446
87.8434
2740.3374
62.7517
86.3999
2725.6182
34.0231
46.0038
2729.5938
34.016
5.9365
2623.3232
126.8198
35.2449
2620.4385
126.825
34.1292
2609.0618
104.6198
4.8208
2611.946
104.6146
7.0513
2748.2883
62.7374
47.4473
2744.3127
62.7446
46.0038
2729.5938
34.016
5.6078
2733.5691
34.0088
6.606
2630.0295
206.5538
35.9142
2627.1423
206.5533
35.0276
2618.1467
183.2716
5.7194
2621.0337
183.2722
8.5716
2763.644
162.7216
48.9673
2759.6648
162.7208
47.8202
2748.0259
132.5995
7.4246
2752.0051
132.6003
35.9142
2627.1423
206.5533
65.2223
2624.2554
206.5527
64.3357
2615.2598
183.271
35.0276
2618.1467
183.2716
48.9673
2759.6648
162.7208
89.3629
2755.6855
162.72
88.2159
2744.0466
132.5987
47.8202
2748.0259
132.5995
35.0276
2618.1467
183.2716
64.3357
2615.2598
183.271
63.4491
2606.2637
159.9893
34.141
2609.1504
159.9899
47.8202
2748.0259
132.5995
88.2159
2744.0466
132.5987
87.0689
2732.408
102.4774
46.6732
2736.3872
102.4781
5.7194
2621.0337
183.2722
35.0276
2618.1467
183.2716
34.141
2609.1504
159.9899
4.8328
2612.0374
159.9905
7.4246
2752.0051
132.6003
47.8202
2748.0259
132.5995
46.6732
2736.3872
102.4781
6.2775
2740.3665
102.4789
5.8682
2622.3457
261.9763
35.1761
2619.4568
261.9678
34.527
2612.9421
237.8661
5.2191
2615.8313
237.8745
8.2146
2759.8066
232.3626
48.61
2755.8245
232.3509
47.7702
2747.3967
201.1687
7.3748
2751.3784
201.1804
35.1761
2619.4568
261.9678
64.4841
2616.5679
261.9593
63.835
2610.0532
237.8576
34.527
2612.9421
237.8661
48.61
2755.8245
232.3509
89.0054
2751.8428
232.3392
88.1656
2743.4146
201.157
47.7702
2747.3967
201.1687
34.527
2612.9421
237.8661
63.835
2610.0532
237.8576
63.1858
2603.5391
213.7558
33.8779
2606.4282
213.7643
47.7702
2747.3967
201.1687
88.1656
2743.4146
201.157
87.3258
2734.9866
169.9747
46.9304
2738.9683
169.9864
5.2191
2615.8313
237.8745
34.527
2612.9421
237.8661
33.8779
2606.4282
213.7643
4.5699
2609.3171
213.7728
7.3748
2751.3784
201.1804
47.7702
2747.3967
201.1687
46.9304
2738.9683
169.9864
6.535
2742.9507
169.9981
5.3836
2617.8323
300.3512
34.7166
2614.9424
300.3454
34.4323
2612.0925
282.6
5.0993
2614.9824
282.6059
5.6659
2777.8677
283.1393
50.3309
2773.467
283.1304
49.9139
2769.2881
257.1069
5.2489
2773.6882
257.1158
34.7166
2614.9424
300.3454
64.0496
2612.0525
300.3395
63.7653
2609.2026
282.5941
34.4323
2612.0925
282.6
50.3309
2773.467
283.1304
94.9959
2769.0669
283.1215
94.579
2764.8875
257.098
49.9139
2769.2881
257.1069
34.4323
2612.0925
282.6
63.7653
2609.2026
282.5941
63.4809
2606.3525
264.8488
34.148
2609.2424
264.8546
49.9139
2769.2881
257.1069
94.579
2764.8875
257.098
94.162
2760.7083
231.0745
49.497
2765.1086
231.0834
5.0993
2614.9824
282.6059
34.4323
2612.0925
282.6
34.148
2609.2424
264.8546
4.815
2612.1326
264.8605
5.2489
2773.6882
257.1158
49.9139
2769.2881
257.1069
49.497
2765.1086
231.0834
4.832
2769.5088
231.0923
5.0099
2614.1265
337.5165
34.343
2611.2378
337.523
34.2505
2610.2583
319.5749
4.9174
2613.1467
319.5685
5.3793
2775.0837
337.1302
50.0445
2770.6858
337.14
49.9089
2769.2495
310.8193
5.2437
2773.6477
310.8094
34.343
2611.2378
337.523
63.6761
2608.3494
337.5295
63.5837
2607.3699
319.5814
34.2505
2610.2583
319.5749
50.0445
2770.6858
337.14
94.7097
2766.2874
337.1499
94.5741
2764.8511
310.8292
49.9089
2769.2495
310.8193
34.2505
2610.2583
319.5749
63.5837
2607.3699
319.5814
63.4912
2606.3904
301.6334
34.1581
2609.2791
301.6269
49.9089
2769.2495
310.8193
94.5741
2764.8511
310.8292
94.4385
2763.4148
284.5084
49.7733
2767.8135
284.4985
4.9174
2613.1467
319.5685
34.2505
2610.2583
319.5749
34.1581
2609.2791
301.6269
4.8249
2612.1675
301.6204
5.2437
2773.6477
310.8094
49.9089
2769.2495
310.8193
49.7733
2767.8135
284.4985
5.1081
2772.2117
284.4887
4.7226
2610.3674
368.8456
33.9015
2607.4946
368.8322
33.9568
2608.1274
353.5754
4.7779
2611
353.5887
5.2898
2780.6755
383.3383
50.5207
2776.2222
383.3176
50.6028
2777.1626
360.6448
5.3719
2781.616
360.6655
34.0607
2607.4788
368.8321
63.2397
2604.6062
368.8188
63.2949
2605.2388
353.562
34.116
2608.1113
353.5753
50.6799
2776.2068
383.3175
95.9108
2771.7534
383.2968
95.993
2772.6934
360.6241
50.7621
2777.1467
360.6447
34.1166
2608.1184
353.4155
63.2955
2605.2454
353.4021
63.3508
2605.8779
338.1453
34.1719
2608.7507
338.1587
50.7627
2777.1536
360.4849
95.9936
2772.7
360.4642
96.0757
2773.6401
337.7915
50.8448
2778.0935
337.8122
4.7785
2611.0068
353.4289
33.9574
2608.134
353.4156
34.0127
2608.7666
338.1588
4.8338
2611.6392
338.1721
5.3725
2781.6223
360.5057
50.6034
2777.1689
360.485
50.6856
2778.1094
337.8123
5.4547
2782.5627
337.8329
4.7184
2610.3713
400.2809
33.8969
2607.4946
400.2978
34.0988
2609.4541
385.1554
4.9203
2612.3311
385.1386
5.0975
2778.7688
429.5641
50.3278
2774.3088
429.5901
50.6279
2777.2214
407.0873
5.3976
2781.6812
407.0614
34.0561
2607.4788
400.2979
63.2346
2604.6018
400.3146
63.4365
2606.5618
385.1722
34.258
2609.4387
385.1554
50.487
2774.2935
429.5902
95.7173
2769.8335
429.6162
96.0174
2772.7461
407.1135
50.7871
2777.2058
407.0874
34.2601
2609.4592
384.9968
63.4386
2606.5823
385.0136
63.6406
2608.542
369.8712
34.4621
2611.4187
369.8544
50.7892
2777.2263
406.9288
96.0195
2772.7666
406.9548
96.3196
2775.6787
384.4521
51.0893
2780.1382
384.4261
4.9224
2612.3516
384.9799
34.1009
2609.4746
384.9967
34.3028
2611.4346
369.8543
5.1243
2614.3115
369.8375
5.3997
2781.7017
406.9027
50.63
2777.2419
406.9287
50.9301
2780.1541
384.426
5.6998
2784.6135
384.4
4.7023
2610.3716
432.0753
33.8809
2607.4951
432.0844
34.208
2610.7661
417.1725
5.0295
2613.6428
417.1634
4.7683
2775.5776
475.9192
49.9986
2771.1184
475.9333
50.4848
2775.9795
453.773
5.2545
2780.439
453.7589
34.0401
2607.479
432.0845
63.2186
2604.6023
432.0936
63.5458
2607.874
417.1817
34.3673
2610.7505
417.1726
50.1579
2771.1025
475.9333
95.3882
2766.6436
475.9474
95.8744
2771.5049
453.7872
50.6441
2775.9641
453.7731
34.3707
2610.7847
417.0163
63.5492
2607.908
417.0254
63.8764
2611.1794
402.1135
34.6978
2614.0562
402.1044
50.6475
2775.998
453.6169
95.8778
2771.5391
453.631
96.364
2776.4004
431.4708
51.1337
2780.8594
431.4567
5.0329
2613.677
417.0072
34.2115
2610.8005
417.0163
34.5386
2614.0715
402.1044
5.3601
2616.9485
402.0953
5.2579
2780.4729
453.6027
50.4883
2776.0139
453.6168
50.9744
2780.8752
431.4566
5.7441
2785.3342
431.4425
4.7436
2610.2534
464.4496
33.8874
2607.3801
464.4558
34.3396
2611.9358
449.8935
5.1959
2614.8091
449.8873
6.0514
2780.3022
525.9274
50.4892
2775.9219
525.937
51.1742
2782.8228
503.8775
6.7365
2787.2036
503.868
34.0466
2607.3647
464.4559
63.1903
2604.4915
464.4621
63.6426
2609.0471
449.8998
34.4988
2611.9204
449.8936
50.6484
2775.9058
525.937
95.0862
2771.5254
525.9465
95.7712
2778.4265
503.8871
51.3335
2782.8074
503.8775
34.5036
2611.968
449.7409
63.6473
2609.0952
449.7472
64.0995
2613.6509
435.1849
34.9558
2616.5237
435.1786
51.3382
2782.8547
503.7249
95.7759
2778.4744
503.7344
96.461
2785.3752
481.6749
52.0233
2789.7563
481.6654
5.2006
2614.8567
449.7346
34.3443
2611.9839
449.7409
34.7966
2616.5396
435.1786
5.6528
2619.4124
435.1724
6.7412
2787.2512
503.7153
51.179
2782.8708
503.7249
51.864
2789.7717
481.6653
7.4263
2794.1526
481.6558
4.74
2610.2432
497.7551
33.8839
2607.3723
497.7557
34.4561
2613.1777
483.6494
5.3121
2616.0488
483.6489
5.4557
2774.2961
573.808
49.8938
2769.9189
573.8088
50.7605
2778.7134
552.4402
6.3224
2783.0906
552.4394
34.0432
2607.3564
497.7557
63.1871
2604.4858
497.7562
63.7592
2610.2917
483.6499
34.6153
2613.1624
483.6494
50.053
2769.9028
573.8088
94.4911
2765.5259
573.8097
95.3578
2774.3203
552.441
50.9197
2778.6978
552.4402
34.6213
2613.2231
483.5016
63.7652
2610.3525
483.5021
64.3374
2616.158
469.3958
35.1934
2619.0291
469.3953
50.9257
2778.7588
552.2924
95.3638
2774.3811
552.2932
96.2305
2783.1763
530.9244
51.7924
2787.5532
530.9236
5.3181
2616.1096
483.501
34.4621
2613.2388
483.5016
35.0342
2619.0444
469.3953
5.8902
2621.9153
469.3948
6.3284
2783.1514
552.2915
50.7665
2778.7742
552.2924
51.6332
2787.5691
530.9236
7.1951
2791.9463
530.9229
4.7359
2610.2156
532.2804
33.8801
2607.3469
532.2764
34.5683
2614.3574
518.7339
5.4241
2617.2261
518.7378
4.7406
2767.032
622.3173
49.179
2762.658
622.3113
50.2215
2773.2778
601.7966
5.7831
2777.6516
601.8026
34.0393
2607.3315
532.2764
63.1835
2604.4629
532.2725
63.8717
2611.4734
518.73
34.7275
2614.342
518.7339
49.3382
2762.6421
622.3113
93.7766
2758.2681
622.3054
94.8191
2768.8879
601.7906
50.3807
2773.2617
601.7966
34.7347
2614.4155
518.5919
63.8789
2611.5469
518.5881
64.5671
2618.5571
505.0455
35.4229
2621.4258
505.0494
50.3879
2773.3352
601.6547
94.8263
2768.9617
601.6487
95.8689
2779.5811
581.134
51.4305
2783.9551
581.14
5.4313
2617.2998
518.5959
34.5755
2614.4312
518.592
35.2637
2621.4417
505.0495
6.1195
2624.3103
505.0533
5.7903
2777.7251
601.6606
50.2287
2773.3511
601.6547
51.2712
2783.9709
581.14
6.8328
2788.345
581.1459
4.8676
2609.9187
568.1381
33.8624
2607.0635
568.1377
34.6607
2615.1738
555.3423
4.7909
2618.1147
555.3428
5.8533
2791.0962
694.4207
51.541
2786.5977
694.42
52.8448
2799.8428
673.5228
5.728
2804.4817
673.5236
34.0216
2607.0481
568.1377
63.0164
2604.1931
568.1373
64.6897
2612.217
555.3419
34.8199
2615.158
555.3423
51.7002
2786.5823
694.42
97.3879
2782.084
694.4193
100.1207
2795.1882
673.5221
53.004
2799.8271
673.5228
34.8284
2615.2434
555.2074
64.6982
2612.3025
555.207
64.6215
2620.4985
542.4116
35.6267
2623.3535
542.412
53.0124
2799.9126
673.3879
100.1291
2795.2734
673.3871
100.0039
2808.6594
652.49
54.3162
2813.1575
652.4907
4.7993
2618.2
555.2078
34.6691
2615.2593
555.2074
35.4674
2623.3689
542.412
6.4726
2626.2239
542.4125
5.7365
2804.5676
673.3886
52.8532
2799.9285
673.3879
54.157
2813.1733
652.4907
8.4693
2817.6716
652.4914
4.7673
2609.8308
606.3504
33.8419
2606.9692
606.3456
34.7491
2616.208
594.2466
5.6746
2619.0696
594.2515
6.0801
2779.2126
747.894
50.3878
2774.8523
747.8868
51.8665
2789.9099
728.167
7.5588
2794.2708
728.1743
34.0059
2607.0022
606.2821
63.0008
2604.1487
606.2773
64.7783
2613.2529
594.2416
34.9084
2616.1926
594.2466
50.5518
2774.885
747.8233
96.2397
2770.3887
747.8157
99.1426
2785.2571
728.1592
52.0257
2789.894
728.167
34.9179
2616.2893
594.1197
64.7878
2613.3496
594.1147
64.8153
2622.626
582.0793
35.8204
2625.4797
582.084
52.0352
2789.9912
728.0401
99.1521
2785.3542
728.0323
99.197
2800.5039
708.3762
53.5092
2805.0002
708.3838
5.6841
2619.1663
594.1245
34.7586
2616.3052
594.1197
35.6659
2625.5439
582.0206
6.5913
2628.405
582.0255
7.5683
2794.3674
728.0474
51.876
2790.0066
728.0401
53.3547
2805.0647
708.3203
9.047
2809.425
708.3276
4.7644
2609.7468
647.113
33.839
2606.886
647.1095
34.8466
2617.1394
635.866
5.7721
2620.0002
635.8694
4.7977
2766.2073
802.8265
49.1054
2761.8472
802.8214
50.7477
2778.5591
784.496
6.44
2782.9189
784.5012
33.9982
2606.8701
647.1095
63.0728
2604.0093
647.1062
64.0805
2614.2627
635.8627
35.0059
2617.1235
635.866
49.2646
2761.8318
802.8213
93.5724
2757.4717
802.8162
95.2147
2774.1833
784.4908
50.9069
2778.5432
784.496
35.0164
2617.2312
635.7481
64.091
2614.3704
635.7447
65.0987
2624.6238
624.5012
36.0241
2627.4846
624.5046
50.9175
2778.6509
784.3781
95.2252
2774.2908
784.3729
96.8676
2791.0024
766.0475
52.5598
2795.3625
766.0527
5.7826
2620.1079
635.7515
34.8572
2617.2468
635.7481
35.8649
2627.5
624.5046
6.7903
2630.3613
624.508
6.4505
2783.0264
784.3832
50.7583
2778.6667
784.3781
52.4006
2795.3779
766.0527
8.0928
2799.738
766.0579
4.6031
2581.9556
667.976
31.1913
2579.3372
667.976
32.4937
2592.5613
655.6442
4.6031
2595.3081
655.6442
4.6031
2724.9402
835.3895
45.1387
2720.948
835.3895
47.1294
2741.1592
816.5421
4.6031
2745.3477
816.5421
31.2709
2579.3291
667.976
57.859
2576.7102
667.976
60.4639
2589.8064
655.6442
32.5733
2592.5535
655.6442
45.2183
2720.9402
835.3895
85.7539
2716.9475
835.3895
89.7352
2736.9631
816.5421
47.209
2741.1516
816.5421
32.5791
2592.6118
655.5898
60.4754
2589.8643
655.5898
62.6977
2601.0364
645.0695
33.6902
2603.8933
645.0695
47.2147
2741.2097
816.4877
89.7467
2737.021
816.4877
93.1474
2754.1172
800.3887
48.9151
2758.4739
800.3887
4.6031
2595.3669
655.5898
32.4995
2592.6194
655.5898
33.6106
2603.9009
645.0695
4.6031
2606.7581
645.0695
4.6031
2745.4067
816.4877
47.1351
2741.2175
816.4877
48.8355
2758.4814
800.3887
4.6031
2762.8384
800.3887
4.6031
2553.9319
689.9529
28.4577
2551.5825
689.9529
29.8004
2565.2151
679.2636
4.6031
2567.6968
679.2636
4.6031
2682.3984
868.733
40.989
2678.8149
868.733
43.0419
2699.6589
852.3893
4.6031
2703.4448
852.3893
28.5373
2551.575
689.9529
52.3918
2549.2253
689.9529
55.0772
2562.7258
679.2636
29.88
2565.2075
679.2636
41.0686
2678.8071
868.733
77.4544
2675.2234
868.733
81.5603
2695.8652
852.3893
43.1215
2699.6511
852.3893
29.8862
2565.2703
679.2143
55.0896
2562.7878
679.2143
57.7753
2576.2896
668.5238
31.229
2578.9041
668.5238
43.1277
2699.7136
852.34
81.5727
2695.9275
852.34
85.6795
2716.5735
835.9928
45.1811
2720.5623
835.9928
4.6031
2567.7605
679.2143
29.8066
2565.2781
679.2143
31.1494
2578.9124
668.5238
4.6031
2581.5269
668.5238
4.6031
2703.5081
852.34
43.0481
2699.7217
852.34
45.1015
2720.5698
835.9928
4.6031
2724.5588
835.9928
4.6031
2523.5635
709.9371
25.4954
2521.5059
709.9371
26.9806
2536.5854
700.0314
4.6031
2538.7896
700.0314
4.6031
2636.2981
899.0518
36.4921
2633.1575
899.0518
38.7626
2656.2102
883.9091
4.6031
2659.5745
883.9091
25.575
2521.4978
709.9371
46.4672
2519.4402
709.9371
49.4377
2534.3738
700.0314
27.0602
2536.5776
700.0314
36.5717
2633.1499
899.0518
68.4607
2630.009
899.0518
73.0017
2652.8376
883.9091
38.8422
2656.2024
883.9091
27.0668
2536.6445
699.9877
49.4508
2534.4395
699.9877
52.3019
2548.7729
690.4802
28.4923
2551.1182
690.4802
38.8488
2656.2688
883.8653
73.0148
2652.9041
883.8653
77.374
2674.8193
869.3286
41.0284
2678.3992
869.3286
4.6031
2538.8567
699.9877
26.9872
2536.6523
699.9877
28.4127
2551.1257
690.4802
4.6031
2553.4709
690.4802
4.6031
2659.6418
883.8653
38.7692
2656.2766
883.8653
40.9488
2678.407
869.3286
4.6031
2681.9866
869.3286
91.8892
2435.9451
739.4345
120.841
2422.6665
735.9642
133.2739
2435.0994
728.47
106.1811
2457.334
728.47
132.2307
2496.3203
947.4437
174.9171
2476.7427
942.3272
200.2501
2502.0759
927.0571
158.8039
2536.0896
927.0571
106.289
2457.4956
728.4109
133.4113
2435.2368
728.4109
145.9047
2447.7302
719.4086
116.105
2472.1863
719.4086
158.9159
2536.2573
927.0131
200.3926
2502.2183
927.0131
219.4186
2521.2444
913.3033
173.8645
2558.6294
913.3033
116.2033
2472.3335
719.3134
146.0297
2447.8552
719.3135
157.5848
2459.4104
710.0491
125.282
2485.9204
710.0491
173.9628
2558.7766
913.2084
219.5437
2521.3691
913.2084
237.24
2539.0657
899.0204
187.8667
2579.5852
899.0204
63.7198
2448.019
740.53
91.1372
2436.2595
739.4424
105.5164
2457.7793
728.4719
74.6063
2474.301
728.4719
91.0345
2513.9624
949.0043
131.4688
2496.6196
947.4005
158.1378
2536.533
927.0537
110.8525
2561.8074
927.0537
74.6803
2474.48
728.4109
105.6239
2457.9402
728.4109
115.4398
2472.6309
719.4086
81.4416
2490.8032
719.4086
110.9303
2561.9951
927.0131
158.2507
2536.7017
927.0131
173.1993
2559.0742
913.3033
121.2271
2586.8538
913.3033
81.5093
2490.9666
719.3134
115.5381
2472.7776
719.3135
124.6168
2486.365
710.0491
87.7628
2506.0642
710.0491
121.2948
2587.0173
913.2084
173.2976
2559.2209
913.2084
187.2015
2580.0298
899.0204
130.8719
2610.1387
899.0204
35.2784
2459.3967
739.4424
62.9807
2448.3252
740.53
73.8672
2474.6072
728.4719
40.3277
2484.7812
728.4719
49.4409
2530.5967
947.4005
90.2954
2514.2686
949.0043
110.1134
2562.1138
927.0537
58.8059
2577.6777
927.0537
40.3654
2484.9709
728.4109
73.9412
2474.7861
728.4109
80.7025
2491.1091
719.4086
43.8123
2502.3
719.4086
58.8455
2577.8767
927.0131
110.1911
2562.3013
927.0131
120.488
2587.1599
913.3033
64.0947
2604.2664
913.3033
43.8468
2502.4734
719.3134
80.7702
2491.2729
719.3135
87.0237
2506.3701
710.0491
47.0348
2518.5005
710.0491
64.1293
2604.4399
913.2084
120.5556
2587.3235
913.2084
130.1328
2610.4448
899.0204
69.0116
2628.9854
899.0204
4.6631
2470.7893
735.9642
34.5242
2459.7061
739.4345
39.5429
2484.9368
728.47
4.6631
2488.3718
728.47
4.6631
2547.2644
942.3272
48.6903
2530.9236
947.4437
58.0215
2577.835
927.0571
4.6631
2583.0906
927.0571
4.6631
2488.5664
728.4109
39.5808
2485.127
728.4109
43.0277
2502.4561
719.4086
4.6631
2506.2344
719.4086
4.6631
2583.292
927.0131
58.0609
2578.0327
927.0131
63.3101
2604.4229
913.3033
4.6631
2610.1987
913.3033
4.6631
2506.4116
719.3134
43.0622
2502.6296
719.3135
46.2502
2518.6567
710.0491
4.6631
2522.7524
710.0491
4.6631
2610.376
913.2084
63.3446
2604.5962
913.2084
68.227
2629.1416
899.0204
4.6631
2635.4019
899.0204
