13 0
14 0
15 0
16 0
17 0
18 0
19 0
20 0
21 0
22 0
23 0
24 0
25 0
26 0
27 0
28 0
38 0
39 0
40 0
41 0
29 0
30 0
31 0
32 0
33 0
34 0
35 0
36 0
37 0
NC1 7
NC2 7
NC3 7
NC27 7
NB_1 0
NC28 7
NB_1 1
NC29 7
NB_2 0
NC30 7
NB_2 1
NC31 7
NB_3 0
NC32 7
NB_3 1
NC33 7
NB_4 0
NC34 7
NB_4 1
NC35 7
NB_5 0
NC36 7
NB_5 1
1 0
2 0
3 0
4 0
5 0
6 0
7 0
8 0
9 0
10 0
11 0
12 0
32 1
31 1
30 1
29 1
28 1
27 1
26 1
25 1
24 1
23 1
22 1
21 1
20 1
19 1
18 1
17 1
4 1
3 1
2 1
1 1
16 1
15 1
14 1
13 1
12 1
11 1
10 1
9 1
8 1
7 1
6 1
5 1
NC4 7
NC5 7
NC6 7
NC7 7
NC8 7
NC9 7
NC10 7
NC11 7
NC12 7
NC13 7
NC14 7
NC15 7
NC16 7
NC17 7
NC18 7
NC19 7
NC20 7
NC21 7
NC22 7
41 1
40 1
39 1
38 1
37 1
36 1
35 1
34 1
33 1
NC23 7
NC24 7
NC25 7
NC26 7