10012.7 579.902 22.3863 70.721
3249.7 1402.67 31.9144 13.9342
8332.86 582.966 26.2746 56.5084
2459.39 1396.55 38.292 15.2758
5713.55 576.807 19.5075 59.9376
2638.65 1397.71 29.219 10.0519
10500.3 572.819 26.8801 49.057
3000.54 1397.55 30.0109 12.7398
10447.4 580.198 23.9269 52.5729
3958.06 1397.33 36.44 7.66762
7173.76 583.041 21.8818 46.7282
3949.53 1401.68 43.5401 3.37205
6375.66 581.154 24.9186 50.0996
2632.39 1398.6 39.8267 9.44673
10605.1 588.857 28.3585 40.6327
1567.11 1426.54 24.6723 18.4797
6818.59 573.473 21.1427 51.2672
3321.19 1386.36 29.6635 8.43206
12163.5 568.912 33.1153 46.3694
1402.35 1400.83 23.5330 25.1243
9907.98 581.048 22.1209 56.8312
5123.91 1405.96 37.176 1.86819
7340.52 582.08 25.7924 35.865
3723.46 1396.52 46.7221 4.28776
7532.8 587.268 27.477 23.1149
2357.69 1413.88 37.4225 7.59458
11498.9 572.4 20.0608 33.7856
4478.67 1388.75 28.1059 5.90873
10474.8 583.048 23.2396 41.3937
3962.02 1405.43 37.0372 6.82688
7119.07 591.351 30.1846 24.0446
2992.28 1424.54 47.2228 4.75223
12447.6 567.528 22.7084 69.0465
5498.68 1374.97 36.2344 9.06707
10058.5 583.415 28.401 45.4501
4293.74 1396.88 47.9277 8.74876
8265.23 587.142 18.1115 42.1365
3254.57 1425.31 25.1925 10.3415
13150.7 573.715 23.5327 56.3
7794.92 1379.16 50.046 -1.77131
11155.4 573.149 21.7233 79.4043
3800.23 1391.95 33.1015 17.2665
6151.22 561.193 23.8644 36.7216
5131.92 1332.91 63.6136 2.76462
6852.03 567.998 19.4054 38.2693
2774.59 1383.62 23.7812 13.0912
12557.1 569.895 20.9518 48.9672
5101.25 1382.06 30.9289 8.22687
13206.6 570.58 26.7435 28.2065
4768.09 1382.23 32.6803 9.59867
19730.3 569.384 23.4757 70.6724
8348.9 1379.98 33.1843 7.68528
16724.1 576.943 23.375 98.951
8449.18 1391.39 39.7963 1.78683
10025.6 570.059 30.0864 43.8638
4449.68 1357.91 51.4866 10.4826
8997.77 564.989 18.0217 46.581
4128.15 1371.49 22.4965 13.7947
19912.2 569.447 19.6869 47.7088
8287.75 1378.06 28.7818 4.13741
16065.2 572.673 19.6138 64.6613
7700.12 1382.66 35.6996 2.44943
11370.4 571.951 24.4302 32.4925
4546.27 1384.02 30.6266 10.5838
27776.9 563.862 21.1202 83.3479
10869.1 1370.87 29.8657 9.85152
15687 565.403 34.0748 40.1332
6308.61 1369.13 47.0989 8.06694
14515.9 562.596 22.5395 40.9068
7681.04 1363.27 37.2196 1.09253
28948.9 571.28 25.9514 83.892
11993.7 1382.87 38.8406 3.50818
21398.1 567.159 22.2839 74.5809
8817.25 1367.92 32.6517 11.0235
15637.3 569.353 25.2296 33.771
6911 1382.92 33.8757 5.82461
11694.3 564.501 20.1902 42.3276
5975.12 1376.23 29.5256 8.35973
24940.2 572.885 25.5572 54.5197
14795.6 1374.97 53.8167 -16.225
16794.7 564.56 25.5041 68.4649
9451.89 1381.76 37.7077 4.87492
48152.4 594.644 34.458 84.2075
9412.87 1429.83 45.2554 32.4276
44399.9 572.785 26.9377 91.5244
13291.1 1386.83 38.2663 15.6241
18990.8 569.641 21.3169 60.324
7905.44 1375.61 29.7567 16.1644
23202.7 573.237 32.1936 37.9764
9801.08 1378.92 57.4577 4.19658
34481.2 561.346 21.5105 79.5595
16499.1 1363.76 34.8161 -4.48107
28716.2 567.782 24.8083 72.5256
13148.9 1375.11 32.992 3.60411
23818.7 574.633 34.0044 14.6459
8915.31 1378.96 51.735 4.82345
63146.7 568.35 22.5927 116.367
22059.2 1370.07 39.709 4.84026
29080.8 565.258 28.3992 64.1878
11273.9 1365.78 40.2722 13.3466
28105.1 563.134 19.7908 68.2238
11437.3 1368.98 26.433 10.5619
59309 571.588 31.0851 81.342
20413.5 1381.95 40.7164 11.3716
48555.1 563.994 21.7128 64.7134
18139.6 1365.18 33.7452 2.0639
29642 564.275 23.2234 25.7091
11692.1 1373.09 29.5139 7.31327
21314.6 571.311 26.8382 37.5898
9030.98 1374.54 36.2374 12.6158
50325.9 563.43 24.4456 63.9881
16925.4 1368.88 31.425 17.219
31204.7 562.733 21.7293 72.6437
14359 1371.3 30.1716 12.3265
37299.2 500.886 32.5132 103.453
38779.6 1196.57 53.8899 -8.25662
128837 577.025 31.4983 84.8791
34140.1 1395.54 44.9817 10.1689
36983.1 565.16 21.3008 55.3664
14210.5 1365.29 32.1255 16.5073
37480.1 549.736 22.2749 60.1843
16625.5 1341.2 29.9001 5.34217
90800.7 562.327 26.9858 104.258
34213.2 1355.55 50.0955 -5.75199
85397.1 567.666 20.4518 108.782
23608.1 1376.99 28.2443 27.8366
35001.5 564.325 21.3314 30.6955
14470.3 1370.5 30.1415 3.57085
6536.71 572.415 21.0354 40.027
3807.56 1381.75 32.9883 1.17822
2838.47 574.102 20.2063 35.4176
694.406 1386.18 17.8606 16.7514
2576.63 581.144 17.0302 38.0624
2284.92 1402.16 28.9729 3.79047
6982.44 571.321 21.781 33.5896
2256.14 1379.69 24.5073 15.2925
3998.94 573.052 16.2996 51.8719
3745.96 1384.24 36.314 0.460859
3767.11 579.313 21.5496 22.9724
3350.18 1398.12 36.2145 -1.28585
2239.62 578.425 18.2192 29.0422
2018.19 1390.1 31.5468 3.49688
5627.91 581.226 19.9208 28.4712
3151.86 1402.9 30.2149 3.19873
4413.26 575.812 19.4754 35.6556
3384.05 1391.25 30.4785 3.17913
7706.63 576.527 18.8886 57.0423
5252.27 1397.93 29.9034 4.3814
8466.39 574.476 20.2129 47.7224
5310.13 1388.65 30.6951 5.40346
3721.52 563.006 22.3026 18.576
2941.55 1361.34 26.0988 5.78089
3869.82 580.9 18.5242 23.7362
2804.7 1402.55 27.2923 5.42574
10159.4 575.83 18.5325 63.2551
6022.89 1393.82 30.7624 6.15577
8426.48 559.426 21.6885 25.5282
4581.67 1353.68 27.3053 5.13521
5600.14 574.75 19.8542 21.1645
4525.96 1392.67 31.8073 -1.79384
21500 559.044 18.507 86.3884
11153.6 1355.52 25.7742 15.5152
10570.5 560.368 20.723 36.3455
7146.37 1361.27 28.0569 2.5155
8118.61 561.654 17.4648 48.903
6590.72 1362.96 25.5887 5.75926
20135.9 561.275 18.4447 86.2001
11185 1363.86 25.7487 7.61401
14562 563.969 20.2419 55.7028
9364.98 1361.54 32.0106 -3.50035
9656.56 560.017 19.8919 33.3385
6210.07 1361.68 26.3937 9.02016
7103.64 560.071 19.5036 20.8336
4175.37 1362.49 22.663 9.31201
21734.5 560.024 18.1773 57.7878
11342.6 1357.85 26.482 1.15936
13165.4 554.088 20.2331 67.4429
9200.07 1354.34 31.4981 1.4005
46941.1 561.853 19.8992 137.5
19277.9 1362.48 27.3799 20.8638
39940.8 557.497 18.621 122.095
24566.2 1356.17 27.3391 -2.30452
21023.7 560.859 20.3815 36.9243
11234.3 1359.55 29.3597 3.29238
17969.2 561.831 20.0958 30.3286
10171.9 1360.76 25.0056 17.365
30430.8 561.643 19.5574 70.4163
14336.9 1362.05 28.0342 1.55763
45972.6 560.645 18.6463 122.796
21405.6 1359.14 28.0752 -0.843151
19286.8 560.166 17.3093 66.0426
12104.8 1357.34 27.113 2.98672
64691.2 557.489 19.4658 161.469
37995.6 1353.58 25.9393 22.759
45857.4 566.529 23.3483 61.9025
444147 1369.98 151.841 -1005.46
21106.6 558.397 19.7367 74.9024
19556.3 1362.61 26.9963 16.3064
79747.6 555.188 19.9852 162.505
30256.8 1351.28 27.703 10.6459
40860.7 558.335 19.8976 73.1104
16393.4 1351.76 26.8877 10.8813
45148.9 558.47 21.6601 7.83995
18280.2 1356.19 28.6932 -0.790563
17289.4 556.336 19.271 29.8762
10363.8 1348.46 29.6168 -1.42816
69556.1 562.006 20.9691 117.919
23659.7 1362.38 28.1052 16.1333
26717.9 566.243 20.3508 64.8558
11136.8 1369.53 28.4002 8.6253
90310.3 569.083 21.7873 125.017
26434.9 1379.81 29.1879 27.5412
130717 565.532 22.4396 174.497
36903 1371.05 29.0797 38.611
39938.2 565.03 21.1191 140.235
12113.2 1369.55 24.7504 48.1349
55230.2 563.742 20.4144 84.9006
25060.6 1368.41 28.8159 2.86763
78552 570.654 18.7321 137.249
23613.6 1383.27 27.5955 14.9836
30921.8 562.627 18.8127 54.891
10960.5 1368.09 26.3075 9.89247
47627.9 558.889 18.5583 51.0537
16892.6 1357.06 26.1229 2.00142
44415.1 570.597 21.9074 34.562
11962.6 1383.69 28.5966 12.7886
33625.9 563.715 18.3839 46.5581
11906.6 1368.17 26.7641 -1.94527
44923.2 569.763 20.6443 54.8164
12450.6 1382.41 28.7786 7.27214
35186.9 569.052 21.934 31.722
13704 1377.23 35.0959 -15.6518
19786.8 572.297 23.085 34.7403
8168.46 1372.19 43.309 -1.70655
31880 564.715 20.5133 33.923
9170.21 1368.04 27.4285 7.59787
17991.9 565.254 22.7461 20.0249
5073.4 1366.34 27.5994 11.9326
27459.6 573.906 19.8902 43.6152
9638.58 1388.11 30.9791 -3.25601
5144.67 567.443 20.5725 20.6711
3802 1365.89 31.6598 -0.127729
9202.18 576.533 18.6557 44.7734
5506.97 1378.07 39.6567 0.447566
12593.3 572.85 22.6056 20.1136
5528.68 1385.07 31.0207 3.93396
6764.74 568.932 22.8183 9.19994
3291.79 1377.72 29.5416 4.11758
7797.5 578.349 20.0956 10.6765
3971.5 1391.01 37.9425 0.0821735
12376.3 577.618 21.0721 18.458
5806.28 1383.03 36.9567 0.88567
8566.86 573.173 22.6887 14.5117
4654.04 1381.79 32.3149 1.49719
7334.61 576.136 21.3416 7.53675
3702.07 1397.31 32.091 -0.425132
