27173 12497.5 18.6833 25.2339
19917.1 16635.3 20.1616 0.461673
24289.5 20771.6 23.2829 -86.0492
15304.9 24988.4 19.3257 19.2557
20399.3 2267.68 2.08474 1.54828
17028 1133.09 2.00721 1.71535
14453.5 1508.99 2.0301 1.41184
13285.2 1884.43 2.08045 1.22687
24422.8 12285.9 20.4046 49.052
26483.8 16356.8 24.808 -76.3015
15258.3 20429.1 22.8239 17.1434
7479.82 24579.9 15.7919 113.035
20330.4 2226.95 2.40204 1.76778
17048 1111.87 2.26572 1.59843
14426.5 1481.42 2.32828 2.18211
67.2183 1853.52 0.0192659 3.30782
31922.5 12364.2 16.8287 -44.2942
15923.6 16459 15.1228 50.8029
16351.5 24728.5 17.2666 9.86371
24889.6 20553.9 20.5108 -103.178
20379.3 2243.08 1.82726 1.81186
16905.8 1120.77 1.71303 3.11859
1460 1494.44 0.303223 2.54706
13232.4 1864.12 1.82064 2.07432
24856.7 12562.9 18.5611 49.1552
16644.3 16723.2 19.2711 37.7711
11213.2 20881 17.5592 64.9516
20456.5 25121.8 23.5091 -31.5835
20356.2 2276.79 2.0706 1.92329
264.15 1136.49 0.0300723 3.54738
14425.1 1513.96 2.00994 2.5182
13295.1 1891.49 2.0537 1.14602
22064.1 12338.8 15.719 93.5557
14122.5 16425.3 15.5916 71.2814
43871.2 24683.3 28.7325 -264.004
13518.9 20512.4 17.1188 39.3206
20380.2 2237.3 1.97059 1.66873
528.179 1119.46 0.115609 3.12453
375.61 1486.49 0.216526 2.40063
13259.2 1858.51 1.91426 1.71
26910.2 12390.7 16.5004 26.6569
16460.5 16496.7 16.0134 39.3073
18111.4 20602 19.0123 -19.3346
18608.1 24789.6 19.1169 -22.3221
1091.74 2248.54 0.163335 -7.50499
6487.82 1124.55 0.976416 6.09423
14413.4 1495.17 1.82486 1.33006
13271.8 1867.85 1.88238 1.26439
73792.4 12446.5 29.0467 -443.08
18173.2 16570.9 20.1695 17.4147
29377.7 20692.3 26.3482 -133.572
142370 24897.5 47.9098 -875.205
20323.7 2256.9 2.1171 2.28065
17017.2 1127.86 2.04514 2.40635
-14452.8 1501.88 -2.05326 1.22979
13252.8 1875.17 2.14957 1.37696
20702.4 12332.8 19.8101 94.4218
185329 16412.6 53.0271 -1063.9
10097.5 20494.4 18.746 72.3095
7757.29 24655.1 17.0418 106.917
20396.1 2237.09 2.47779 1.45672
17069.6 1118.83 2.41783 1.88777
14439 1488.91 2.40788 1.75786
13275.3 1859.02 2.46704 1.40786
34605.3 12514.5 19.2248 -70.6322
18485.6 16656.9 17.8562 16.3266
8239.65 25017.8 13.6296 120.566
17390.9 20796.1 18.986 -9.25351
20346.2 2274.88 1.93006 1.83092
17065.1 1135.5 1.85353 1.11082
666.829 1510.49 0.130722 3.0981
503.83 1888.53 0.102112 2.85379
29601.9 12341.4 17.7921 -7.47052
21147.3 16427.2 18.7384 -19.9614
21065.1 24675.5 21.8378 -40.3449
27785.2 20510.5 22.5143 -133.845
343.703 2239.42 0.137836 -3.90919
17020.4 1117.85 1.80819 1.71839
160.272 1486.51 0.0581337 2.38618
13261.6 1859.71 1.95526 1.48773
37034.6 12440.2 21.2011 -96.6144
26919.3 16561.1 22.5584 -83.7864
11743.7 24876.8 18.1198 69.3739
19165.3 20678.4 20.933 -34.2547
14467.4 2256.24 37.0838 -143.532
315.041 1130.44 0.122204 7.06698
14488 1500.44 2.00004 0.939169
13277.4 1874.09 2.02822 1.40915
14962.8 12306.5 16.1329 171.559
150661 16381.9 47.5843 -918.025
20455.9 20456.5 24.1848 -41.9108
51649.9 24609 36.5876 -277.108
26464.3 2235.33 47.8814 -209.214
17045.8 1115.47 2.22324 1.61511
14454 1486.3 2.26413 1.49748
13293 1856.99 2.34367 1.47544
123649 12290.5 37.8179 -777.743
17699.3 16359.2 21.3654 21.0978
149047 24571.6 51.0895 -872.012
10468.7 20424.1 18.3795 69.7364
20393.1 2229.48 2.3749 1.34927
17062.7 1113.5 2.235 1.3486
14463.9 1482.11 2.28115 1.87736
13284.9 1851.67 2.28191 1.1428
31351 12400.7 15.5029 -36.9302
22251.1 16505.9 15.877 -41.5422
18559.4 24791.8 17.2506 -19.1725
14926.2 20608.5 14.5856 21.7923
20327.6 2249.23 1.68332 1.86972
17008.9 1123.38 1.61325 1.92678
14409.6 1495.97 1.62972 1.93432
13264.3 1868.72 1.66158 1.72095
32353.8 12484 18.6337 -40.9913
16856 16616.6 16.6775 35.0555
30220.5 24958 24.3056 -144.602
14179.6 20746.6 17.531 32.9013
20351.7 2263.25 1.91914 2.2292
17081.4 1129.91 1.83058 1.11556
14408.8 1504.52 1.801 2.37815
542.025 1879.58 0.360102 -1.0176
13939.3 12432.2 17.7662 162.944
104999 16548.9 46.9055 -588.446
191892 24861 62.4726 -970.577
215030 20666.1 63.6687 -1089.86
20391.9 2254.06 2.62074 0.936582
499.813 1126.53 0.0704512 4.71387
14448 1500.04 2.54578 1.26837
13295.8 1872.95 2.64623 0.959497
25779.7 12429.4 20.3471 -8.36443
15583.5 20664.1 18.2829 108.293
16677.2 24863.4 20.8235 59.7813
13892.3 16547.1 18.4567 74.5945
15256.1 1498.83 2.11215 1.10654
1133.36 1125.55 0.0251854 2.88048
1.20945e+07 2254.33 430.004 -11212.2
13501.9 1872.13 2.14499 1.45035
16997.9 12412.7 20.1775 92.5351
21426.6 20634.8 23.3821 31.1098
63860.3 24827.1 37.4534 -339.369
232743 16524.2 59.4567 -1236.64
14896.9 1123.88 2.28202 1.75776
530.004 1495.45 0.0674239 3.41935
15139.8 2250.34 2.45329 1.43633
13475.7 1869.34 2.34703 2.18071
22426.5 12541.2 15.3199 37.2189
21825.7 20848.7 16.6683 36.5386
24921.1 16694.6 18.424 -65.1257
45624.5 25086.1 25.18 -263.889
15123.4 1511.98 1.71422 2.10787
15052.6 2273.17 1.79528 1.01456
14815.3 1135.58 1.66833 1.77891
520.202 1888.45 0.323565 -4.98426
67795.4 12454.1 34.0149 -362.484
24056.4 20708.6 23.687 0.504255
11518 24917.1 19.1521 110.851
10448.4 16580.2 18.0059 109.473
14902.7 1128.3 2.15355 1.42291
15243.8 1503.86 2.29326 1.54616
15154.8 2260.54 2.42312 1.10313
13500.7 1878.32 2.35186 0.861676
1781.33 25174.4 12.081 160.329
1412.34 20921.2 11.2969 194.729
122257 12587 61.5326 -534.08
24118.6 16755.4 38.9823 -48.4788
15023.6 1518.88 4.05 2.56728
14703.8 1139.63 4.065 2.73445
14847.1 2282.83 4.19571 4.03831
13401.9 1896.79 4.10869 1.80261
10035.4 20714.7 23.1113 124.486
19355.6 12459.9 27.4773 38.0022
95768.2 24926.7 56.4477 -421.656
4222.86 16588.1 17.1399 146.396
14888.6 1127.78 3.09106 1.78003
15207.2 1502.34 3.15715 1.86042
15089.5 2259.1 3.24701 1.86122
13542.7 1877.17 3.25058 0.932731
23367.1 12520.9 17.1502 25.9406
30035.5 20817.2 21.3006 -60.4284
24735.3 16668.9 20.0412 -59.7852
112458 25050.8 37.8724 -763.17
809.534 1512.53 0.0999803 2.68611
15085 2271.29 1.88239 1.35715
1350.26 1132.61 0.110462 2.43716
13545 1888.41 2.06851 1.34903
26477.3 12442.2 18.2699 -22.2527
24828.3 20680.5 19.9152 -2.50159
32876.9 24881.2 24.8463 -118.045
25343.4 16560.9 20.8617 -64.8725
512285 1463.35 527.378 -383.433
15128 2256.91 1.99425 1.53896
72.3451 1125.51 0.022923 2.80172
13518.4 1875.12 2.00929 1.83588
18447.6 20684.7 20.7906 69.4439
75678.8 12444.3 32.9031 -456.621
10472.6 24886 18.187 128.342
37931.2 16564.1 29.1707 -165.473
15240.7 1500.89 2.17113 1.28307
15141.7 2256.81 2.29661 1.47365
14872.9 1126.52 2.12764 1.37763
13523 1874.96 2.23318 1.41337
27450.7 12311.4 22.7999 -17.0961
12617.5 20464.9 18.0571 146.131
22535.2 16388.7 23.8333 -21.0939
19303 24622.7 22.6475 25.4697
14906.1 1115.59 2.16853 1.45263
15185.5 1484.25 2.21488 1.5758
15147.3 2230.4 2.28306 0.96668
13551.3 1853.22 2.27315 1.33878
26606.7 12288.6 23.2318 -20.1527
8552.63 20428.4 16.8964 188.987
7093.73 16359.3 15.3222 149.864
101926 24580.6 43.8449 -586.605
15252.2 1481.12 2.33628 1.50414
14929.3 1112.28 2.2641 1.18615
15144.8 2227.13 2.43504 1.37693
13563.4 1850.22 2.39189 0.948724
111538 12293.8 46.4169 -589.056
128639 20431.4 49.4357 -683.54
43420.5 24579.4 37.3453 -163.379
77155.3 16363.2 46.0528 -379.493
15232.1 1483.49 2.65654 1.37783
15157.3 2229.08 2.6893 1.74962
14888.7 1114.4 2.59808 1.90803
13550.3 1852.37 2.69908 1.49365
18356.4 12362.5 14.6766 96.0954
31055.6 20550.2 21.3531 -73.9349
27727.6 16455.9 20.9318 -93.5844
18549.9 24723.7 19.0095 41.3362
4916.24 1119.07 1.46416 1.76523
15234.8 1491.38 1.86726 1.31834
15119.8 2242.37 1.99525 1.72441
13525.5 1862.63 1.87667 1.41176
25598.5 12513 17.4424 -5.01758
30957.8 20800 21.2241 -74.2739
17742.4 25023.7 18.276 49.9528
30736 16657 21.963 -127.589
15132.6 2269.17 1.95303 1.13632
14807.1 1133.6 1.75191 1.65195
813.89 1510.52 0.116771 3.80313
13522.9 1885.5 1.91727 1.02441
21458.7 12407.3 15.6963 47.5127
38970.9 20619.8 22.4665 -169.325
26215.5 24804.5 21.2149 -51.4826
16124.5 16512.9 15.8016 48.884
494.957 1124.54 0.0316091 4.06783
260123 2250.17 109.863 -934.327
357.452 1497.47 0.0334854 2.80518
13478.4 1869.24 1.92436 1.45622
14763.5 12353.9 18.9127 121.878
215845 20537.8 53.5328 -1212.78
7922.7 24711.4 16.7568 155.858
15062.9 16445.3 21.7011 57.5554
15215 1490.02 2.30774 1.56057
14885.5 1119.87 2.30433 1.39698
15176.3 2239.98 2.43948 1.2488
13552.1 1861.22 2.44973 1.21248
21002.5 12606 14.1914 84.5118
24537.2 16781.5 17.9251 -59.9592
15156.3 20955.3 16.2702 19.2904
31024.8 25209.7 22.3028 -161.77
23972.6 1898.04 1.80042 1.95224
16178.3 2284.52 1.80541 1.69044
14715.2 1519.35 1.72389 1.68215
12763.5 1141.57 1.70021 1.17374
18823.2 12479 22.996 71.5668
7370.2 16611.7 19.1044 133.905
81531.2 24955.5 50.5536 -401.056
5453.77 20744.7 19.1133 119.351
24022.7 1879.77 2.74095 1.26618
16228.8 2262.44 2.75298 1.27626
14717.2 1505.11 2.69962 1.07478
12804.5 1129.16 2.56679 1.23649
30838.3 12624.5 18.0642 -55.3765
19373.5 16806.8 17.1601 9.19051
11730.9 20987.6 15.0154 64.9447
80518.4 25249.3 34.2596 -573.212
23964 1904.09 1.8526 2.08141
289.221 2291.52 0.019271 2.87356
724.18 1524.43 0.347693 -2.05457
12775.1 1144.65 1.77163 1.36803
31939.5 12426.3 24.6646 -52.1302
11202.1 16545.1 18.1144 101.173
63245.9 20663.5 39.0828 -369.221
17277.9 24862.6 23.9497 -0.275457
23978.2 1874.05 2.30145 1.42613
16229.7 2253.95 2.29868 0.91702
14728.7 1499.9 2.23195 1.37931
204.643 1126.5 0.0367198 3.31224
28829.2 12568.7 18.5805 -27.1464
14223.3 16731.6 15.4616 74.6361
12401.3 25137.8 16.7015 63.4841
23859.1 20893.9 21.7879 -87.7851
1088.08 1893.54 0.0919331 3.47517
16192.8 2278.2 1.90856 1.32059
1602.34 1514.44 0.338536 5.86655
12763.2 1137.84 1.85097 1.47021
21301.4 12615.4 19.1136 65.0193
20050.3 16796.5 21.2988 0.61462
193159 20974.6 55.251 -1100.29
19299.1 25235.1 23.5297 -18.8492
24027.3 1904.44 2.18108 1.62858
16218.8 2291.43 2.16866 1.51229
12636.7 1524.89 9.50061 -334.469
12803 1143.95 2.06584 1.31089
22950.7 12520.6 14.5007 51.5972
16102.8 16669.5 14.5307 52.9822
22165.5 25044.3 19.5348 -57.9437
14934.2 20815.4 15.9513 22.7796
685.806 1886.55 0.0684933 0.97063
16168.4 2271.3 1.7781 1.9776
12803 1143.95 2.06584 1.31089
430.104 1510.52 0.0446111 2.29113
21901.8 12534.5 17.8913 58.5432
15995.7 16680 18.4866 51.8679
14393.2 20827.1 19.2069 27.1287
9688.91 25053.9 16.3827 96.269
23942.5 1889.01 2.11872 2.77167
16224.4 2273.76 2.17236 1.35091
14669.1 1512.41 2.09741 1.88579
12776.6 1136.01 2.05934 1.25388
20994.4 12358.2 18.9882 66.6219
54965.5 16450.4 31.0711 -335.732
14868.2 24715.8 20.6208 27.3943
21195.4 20543.8 24.2987 -46.1067
-24000.3 1864.18 -2.20238 1.63172
94.9055 2244.51 0.0136804 2.3918
14714.7 1493.06 2.14143 1.57045
12786 1119.57 2.0693 1.58965
39523.3 12210.5 29.9456 -119.093
135678 16255.2 52.6103 -728.909
57935.5 24419.4 44.4537 -271.883
156304 20296.9 58.5342 -821.009
23947.3 1839.23 2.59332 1.76553
16223 2214.06 2.63112 1.4701
385.343 1471.5 0.279462 -2.70657
12758.7 1105.19 2.49502 1.03559
17530.4 12408.5 17.5443 108.895
13344.3 16519.8 18.1009 76.4158
10054.3 24819.7 17.9806 85.9027
8290.07 20630.3 16.7546 101.982
23980.6 1870.66 2.22642 1.83536
-8262.07 2249.46 -1.90846 8.64889
14739.7 1497.59 2.16761 1.58081
12810.8 1123.66 2.09096 1.20113
25291.4 12383.6 16.0874 17.6267
16805.1 16487.6 15.5686 42.6814
19208.7 20591.3 18.1381 -37.9917
12332.4 24772.9 15.2939 70.8568
23972.9 1866.26 1.83864 1.87884
16183.9 2246.6 1.89683 1.84601
14728.5 1493.88 1.83033 1.45536
304.998 1123.49 0.0714944 2.76202
18709.2 12243.8 20.948 86.461
128366 16300 49.6953 -713.45
129560 20357.1 53.0069 -712.428
6362.73 24492.4 16.1871 122.761
24010 1845.29 2.44108 1.51657
16233 2221.22 2.49919 0.859774
480.204 1478.52 0.0955102 5.09835
940.518 1109.52 0.178386 2.81612
25413.2 12525.2 16.0124 13.8669
22629.4 16674.7 17.5612 -37.0496
15275.2 25049.6 17.1091 28.914
17472.6 20822.4 17.3527 -15.6145
948.881 1885.57 0.0596675 3.29919
16179.5 2272.19 1.89675 1.08239
14685 1509.83 1.8085 1.46122
12765.3 1133.64 1.78839 1.26775
22142.5 12242.2 19.6576 53.4687
28376.5 16296.1 24.6045 -90.555
56662.1 24481.9 34.8432 -341.733
14770.5 20350.5 21.2247 18.774
1431.99 1844.47 0.130191 3.18522
281.45 2220.48 0.00878395 2.96474
12798.8 1108.82 2.11551 1.32589
14707.6 1476.58 2.17954 1.34704
18701.8 12425.1 21.4734 89.5423
6557.55 16543 15.3247 157.717
173107 24854.5 58.3962 -914.892
7769.37 20659.3 18.8692 96.5896
23977.1 1872.49 2.46575 1.46978
16208.7 2252.88 2.45052 1.39478
649.007 1497.58 0.0817591 2.89593
12791.9 1124.98 2.36935 1.29893
24435 16485 15.4793 23.025
18447.7 20585 15.7475 30.7416
21134.8 12381.3 16.5322 -35.0034
13142.6 24765.3 15.1782 59.6973
31200.7 1120.26 1.66164 2.94188
19866.7 1864.23 1.75964 1.54556
14938.8 2244.04 1.76983 1.59229
10084.2 1492.16 1.6977 1.0313
22240.2 16414.7 22.116 44.2827
102909 20497.8 42.5304 -622.197
119472 12330.4 44.606 -742.07
177715 24663.9 55.1217 -1003.53
31320.1 1116.36 2.23899 2.27851
174136 1857.69 96.2999 -711.403
14965.6 2234.96 2.31642 1.26686
10040.3 1486.61 2.29952 1.49782
34099.9 16478.7 18.2866 -105.432
17344.1 20580.9 15.4779 43.6575
17612.5 12376 15.4598 14.3934
14168.8 24765 15.8262 42.5343
31306.7 1119.34 1.69986 1.97153
719.196 1862.45 0.0778061 2.91432
14919.7 2240.84 1.80259 1.87132
431.055 1488.45 0.0570961 2.71046
22437.1 16607.1 25.2767 40.8053
13358.1 20740.1 22.9438 70.8109
8551.62 12474.5 20.3527 115.805
12957.4 24954.1 25.3036 43.9182
31381.9 1130.49 2.55725 1.69149
19907.8 1880.22 2.56402 1.33057
359.078 2261.47 0.0617022 4.48077
10050.8 1505.38 2.5595 1.63315
32333.5 16424.4 17.6887 -82.6646
17559.1 12335.5 14.9395 14.8384
20337.1 20511.9 16.2132 1.61132
19146.1 24680.1 18.1409 -23.1932
31115.9 1116.22 1.64862 2.72715
19852.7 1858.91 1.72803 1.93713
387.607 2236.5 0.123797 1.61566
9973.04 1488.58 1.66366 1.93049
27107.7 16352.6 19.4103 -8.97349
22451.8 20423.1 20.396 -17.8087
24403.2 12280.7 20.9768 -65.6118
16957.4 24575 19.7887 4.92751
31387.3 1112.93 1.99883 1.70379
489.015 1850.48 0.0443291 2.70024
14959.4 2226.96 2.1008 1.12128
163.99 1481.5 0.0334607 2.76019
27290 16357.8 22.8869 -15.4764
22273.7 20429.7 23.8195 -17.495
11781 12284.5 18.6919 82.5754
7626.91 24585.1 16.7278 111.975
31391.1 1112.5 2.23543 1.80463
19914 1849.09 2.26018 1.24142
14942.6 2226.61 2.30436 1.74514
456.709 1479.41 0.275734 2.39409
14705.6 16473.2 15.8281 147.892
21393.3 12372.8 21.1315 -30.0507
12764 20571.6 16.4303 95.6373
20589.4 24752.5 22.5668 -38.6505
876.898 1122.53 0.0691299 4.15052
643.157 1865.57 0.0928521 2.80598
14899.9 2242.97 2.09697 1.99244
10051.7 1491.68 2.07088 1.49454
25257.2 16434 16.5639 13.7315
18240 20522.2 16.118 31.1843
15946.4 12343.4 15.0504 38.375
23161.4 24690.1 20.1098 -72.8358
412.365 1116.51 0.0576563 4.32438
19893.6 1862.08 1.85722 1.77393
63436.6 2240.86 71.2193 -345.107
10029.4 1490.91 1.81851 1.73512
18659.1 16410.9 23.727 76.1152
15229 20491.2 23.4204 48.8956
6157.61 12329.9 16.6695 139.198
44759.7 24654.9 40.0092 -198.679
31337.1 1115.77 2.55339 2.08634
19904.7 1856.77 2.60962 1.44152
14948.5 2234.91 2.60395 1.65871
10059.1 1486.81 2.62225 1.19734
23804 16282.8 24.2952 12.2603
21652.9 20331 28.0753 -2.47874
5913.86 12230.2 16.6202 148.138
13123.6 24459 23.995 37.331
31346.2 1108.07 2.54903 1.59462
19887.6 1843.73 2.61643 1.5248
14938.3 2219.27 2.69232 1.38663
10060.5 1476.21 2.61344 1.25734
28220.6 16589.1 16.3529 -29.3726
20034.1 20718.1 15.8601 4.12097
19904.5 12459.2 15.6297 -17.7003
18239 24925.8 17.1662 -13.1448
31270.4 1127.58 1.66249 1.83421
19836.6 1879.34 1.74334 2.2109
14935.6 2261.5 1.80617 1.4963
9979.26 1502.25 1.64379 1.98086
27647.1 16510.3 19.3822 -18.6141
31860 20617.1 23.5331 -126.708
17954 12401.6 18.2696 9.72757
30124 24804 25.1632 -137.054
31299.7 1122.52 1.9883 2.13367
19905.6 1868.33 2.11885 1.16563
14939.4 2248.13 2.09782 1.5261
10054.8 1495.62 2.01887 1.27781
38715.2 16540.7 23.462 -138.262
34792.6 20654.9 25.0186 -153.501
20900 12424.2 20.9259 -24.1994
31604 24848.5 26.3384 -152.082
31252.4 1127.4 1.9566 2.5407
19854.6 1872.86 2.02112 1.82643
14913.7 2253.89 2.00815 1.58089
10044.8 1500.07 1.97266 1.46008
27897.9 16507.3 16.0546 -29.3162
17502 12400.1 14.9463 15.937
20881.5 20613.1 16.4769 -6.87714
13704 24798.6 15.273 48.7603
357.501 1121.49 0.0201679 4.33994
19768.8 1867.47 1.68102 2.35264
14872.6 2247.95 1.68917 2.19131
658.964 1495.5 0.110677 2.89212
23785.6 16675 16.5697 32.2335
20108.4 20825.6 17.2545 4.32987
16589.6 12521.5 15.8459 28.3079
21434 25056.3 19.9418 -53.3667
416.56 1135.49 0.0513654 4.73589
132.942 1889.43 0.0583711 2.88588
14920.6 2268.98 1.96919 1.49855
215.841 1507.48 0.0378215 2.77891
22242.6 16368.7 15.2921 37.7296
38929.9 20438.3 20.4295 -185.981
17279.9 12296.5 15.5248 10.3175
24142.9 24589.5 19.3134 -69.9907
711.143 1116.54 0.0823038 3.05243
13502.7 1483.76 1.71267 1.656
13743.7 1853.09 1.73231 1.5427
14165.7 2230.29 1.77679 1.4226
28420.8 16204 17.2208 -46.3225
31295.1 20235.7 18.9967 -88.08
21565.5 12170.2 17.2817 -48.9074
23232.5 24345.3 19.1408 -57.6449
20396.5 1103.15 1.72636 1.50803
356.823 2204.58 0.147845 3.01618
866.384 1833.57 0.0517908 2.33609
504.348 1467.47 0.0687978 3.31851
21268.6 20581.2 13.456 44.1577
25642.8 16481.2 14.1803 -10.3071
18316.6 12378.8 13.6099 -8.60837
22718.1 24761.3 16.8807 -55.6433
1260.94 1120.49 0.104115 2.84525
13478 1491.94 1.52125 1.52902
222.368 2246.52 0.0221812 2.35902
166.035 1864.49 0.0088514 2.67995
23180.5 16446.4 15.7547 27.8179
26222.6 20537.5 17.4361 -22.7362
19213.7 12351 16.2268 -17.7614
17404.4 24710.5 16.6537 15.7581
430.85 1120.46 0.088022 0.813638
1051.32 1488.6 0.129008 2.81161
14169.4 2242.26 1.80826 1.25857
13766.9 1863.45 1.7635 2.0755
24178.1 20756.3 16.3361 2.9578
25012.6 16620.3 15.6743 -0.349457
19294.7 12481.8 15.6462 -20.5378
18058.3 24972.1 16.6801 8.18336
20366.6 1129.51 1.63917 1.9626
656.389 1506.54 0.0763115 3.12798
150.802 2263.49 0.015864 2.93813
134.109 1880.49 0.0163692 2.22438
21118.5 16476.1 14.2653 54.6751
22322.5 20577 15.4374 26.8215
17594.6 12372.3 15.2369 5.04244
19302.6 24759.7 16.905 -10.6838
91.6857 1119.49 0.00464047 2.69412
1259.68 1490.57 0.0457101 2.27808
13740.8 1863.82 1.71805 1.63062
766.27 2243.56 0.0805635 2.65948
31329.5 16570 18.0549 -84.3802
26369.8 20691.5 17.3241 -28.2694
15345.4 12445.5 14.6367 37.2626
26753.2 24894.6 20.4504 -99.3265
20352.7 1128.93 1.73765 2.14916
222.201 1504.47 0.0994599 2.83853
14141.9 2257.78 1.84616 1.50946
971.213 1877.38 0.245197 1.25604
29502 20445.5 17.3813 -70.1679
22535.6 16372.6 14.5745 35.23
18355.1 12298 15.0722 -6.18807
14317.2 24599.7 14.476 62.1503
20400.8 1117.04 1.63044 1.2263
283.038 1485.49 0.0314985 2.40319
13778.9 1855.09 1.70826 1.59845
2138.05 2233.64 0.0981795 2.85482
22219.8 16292.2 14.7999 39.6983
19103.2 20344.1 14.174 71.8075
18600.9 12238.7 15.5089 -12.1374
19198.2 24472.5 17.2144 -6.94205
20253 1107.77 1.57777 2.64489
13710.2 1843.76 1.61542 1.09654
14118.4 2221.29 1.74564 2.06237
417.143 1476.52 0.059725 2.64804
23957.6 16363.1 14.4725 15.328
24117.1 20431.7 15.1088 0.451479
18259.2 12291.2 14.3624 -6.17526
17979.4 24582.1 15.9534 10.337
614.137 1113.53 0.0333379 3.18099
14140.6 2229.96 1.67529 1.59282
13710.2 1843.76 1.61542 1.09654
463.211 1484.46 0.0470071 2.91863
20505.6 20240.8 14.9409 56.9902
26480.4 16208.5 15.9251 -21.0208
18736.9 12173.4 15.2659 -11.8027
20789.7 24353.7 17.3703 -28.6474
20320.6 1100.62 1.60429 1.58353
13474.8 1467.81 1.63223 1.51011
13740 1834.06 1.68274 1.68845
14138.7 2208.18 1.78303 1.92567
24699.7 16358.6 16.282 4.29732
22938.9 20429.9 16.2864 17.0836
12958.5 24580.3 14.7859 82.8204
18448.7 12283.3 16.1893 -6.00791
20361.6 1112.37 1.69948 1.80686
13507.8 1480.87 1.72083 1.22375
13752.4 1849.95 1.75853 1.51275
14178.6 2227.72 1.82552 1.33266
26410.4 16209.2 14.9147 -20.9275
26494.1 20239.6 15.6362 -31.9041
16078.1 12176.8 13.0707 29.2023
20603.3 24349.1 16.2832 -29.9526
20332.7 1103.91 1.52335 1.35479
5.10268e+06 1834.17 348.34 -5837.64
14156.6 2209.73 1.65438 1.12955
195.968 1469.48 0.0220872 2.96423
29201.9 16555.1 16.3775 -60.6006
27619.9 20673.1 16.8532 -47.3949
17342.5 12432.7 14.5944 8.46078
25010.3 24870.8 19.1743 -80.42
1776.77 1127.59 0.0821421 2.25162
687.322 1874.54 0.0850085 3.05123
13519.2 1500.25 1.6549 1.70638
14151 2255.53 1.69609 1.65513
23443.7 16512.8 15.9401 21.7711
21049.3 20619.3 15.7234 41.8262
19238 12403.5 16.668 -17.1976
21445.6 24803.1 18.9429 -34.6554
20355.8 1123.1 1.71034 1.98125
691.952 1864.52 0.112515 2.80513
1027.12 2247.47 0.247226 0.417389
1335.6 1494.4 0.167236 3.34376
22723.9 16384.9 14.781 30.419
28102.2 20459.3 17.4593 -53.0212
18210.8 12306.1 15.547 -4.56836
18988.3 24611.1 17.2043 -2.31382
765.548 1112.47 0.124083 3.92587
-569.572 2234.52 -0.108364 2.84818
13693.5 1854.31 1.67967 2.2119
13496 1484.62 1.71902 1.82852
32401 20920.9 15.6491 -18.969
14711.5 12584.7 13.3148 31.422
18293.9 25170.6 15.7268 2.1475
11236.7 16753.8 14.1659 16.8968
291.019 1517.49 0.00801511 2.78867
13805.3 1138.12 1.51007 2.01763
16038.1 2281.38 1.68872 1.30025
12285.9 1894.86 1.60309 1.3248
29589.1 20771.4 16.6433 23.1179
26598 24990.1 20.5209 -100.299
17330.1 12492.6 16.1707 -6.83595
19227.6 16632.4 20.3726 -85.9712
16494.4 1506.98 1.76094 1.7533
16066.9 2265.98 1.8865 1.31313
13826.8 1132.03 1.72405 1.8897
58.6866 1883.5 0.0111079 2.98597
31447.8 20775.4 15.2058 -5.53282
18481.1 12491.3 15.0923 -21.9685
15045.8 24998.7 14.4368 52.6945
10063.2 16633.8 13.3127 35.3651
16541.3 1504.87 1.71733 1.57732
115.78 2262.51 0.0253641 2.91391
13860.6 1130.72 1.67515 1.48942
12264.6 1880.05 1.71021 1.4758
31849.4 20612.2 16.0489 -9.65883
19043.9 24803.4 16.4893 -7.88268
18030.9 12392.9 15.6274 -14.8023
15093.8 16502.8 17.1723 -38.0069
16545.1 1496.26 1.6698 1.40253
13893.3 1123.86 1.65387 1.33618
1050 2250.65 0.206098 1.774
12298.4 1868.54 1.72891 1.52519
23396.9 20558.9 14.5033 112.212
15317 12365.1 15.1242 25.1995
14122.7 24739.7 15.1071 62.4726
12295 16461.8 16.556 2.63326
16555.8 1491.78 1.75649 1.4165
16054.1 2243.57 1.8376 1.54489
13873.9 1120.78 1.66935 1.19627
170.084 1865.6 0.254521 2.12118
34427 20471.2 16.9843 -45.3988
15501.8 12311.2 14.4247 17.9172
19415.5 24632.9 17.4471 -10.1584
12170.3 16392.4 15.8457 3.94937
16483.2 1484.14 1.84555 1.51301
13843.6 1114.25 1.76323 1.20945
15992.5 2232.62 1.93025 1.42875
12240 1853.54 1.8373 1.43973
33388 20647.2 15.7573 -32.3496
17693.7 12415.9 14.6028 -12.614
20085.6 24844 16.5415 -20.6219
13261.2 16531.5 15.1633 -15.0997
137.723 1494.49 0.012514 3.17521
16011.9 2252.06 1.79303 1.65156
518.625 1124.48 0.162028 1.24237
12240.4 1871.03 1.76156 1.83716
29862.6 20770.1 14.3608 17.884
15587.9 12495.4 13.301 21.6024
22247.3 24990.5 16.9513 -51.3067
12683.5 16632.7 14.4941 -5.78792
620.103 1504.44 0.192874 -1.31392
331.926 2262.46 0.149411 1.99583
538.573 1134.59 0.118347 3.00715
12232.4 1881.65 1.552 1.55551
27053.4 20683.7 14.7257 60.4308
17192.9 12438 14.7931 -2.95913
19992.6 24885.4 16.6994 -21.6743
10569 16561.9 14.0103 27.0536
327.577 1500.53 0.120786 -1.77385
95.0057 1126.5 0.0214068 3.4044
16017.8 2254.52 1.73516 2.03426
472.035 1871.48 0.306054 -0.280159
30963.2 20487.5 17.2585 0.868835
14656 12320.9 14.9015 29.9328
16921.2 24652.6 17.204 22.8933
13303.9 16404.9 17.206 -13.627
358.511 1488.48 0.0140832 3.21666
16069.8 2235.21 1.85834 1.31779
520.927 1116.47 0.0586384 3.06468
12283.1 1857.21 1.84797 1.81942
28149.9 20684.6 15.0178 44.3929
14867.8 24888 14.4975 52.8117
20079.2 12440.1 15.9845 -45.0385
11305.1 16563.4 14.8979 16.9506
16538 1497.01 1.64531 1.51975
16035.1 2252.05 1.74619 1.53378
13844.8 1123.41 1.57854 1.52284
12295.5 1870.23 1.69816 1.46946
32836.5 20397.3 16.2398 -22.8862
34247.6 24541.9 22.1936 -183.54
17712.9 12267.2 15.1655 -11.9195
13419.9 16332.5 16.0939 -16.6246
340.057 1480.49 0.0324831 3.94293
-16045.6 2226.28 -1.73472 1.1798
1679.6 1112.51 0.19546 2.76978
12256.4 1849.6 1.67176 1.67301
27759.2 20529 14.7897 50.5453
15733.6 12349.5 14.0472 16.797
18041 24698.5 15.8201 6.90322
11637.3 16439.4 14.7224 10.4639
667.211 1486.59 0.151219 2.93329
16014.7 2240.44 1.72866 1.65374
13847.3 1118.63 1.60436 1.59385
642.273 1861.54 0.0942683 2.75371
35060.2 20576.4 17.1041 -50.5636
18481.2 12372.7 16.3295 -18.6559
24498.3 24757.4 19.2024 -75.0079
11426.9 16475 15.2425 12.9485
16549.4 1493 1.69531 1.52588
13835.4 1119.88 1.62273 1.26913
565.023 2246.5 0.0783095 2.54146
12301.8 1864.62 1.70759 1.12122
35561.8 20518.9 17.1981 -57.4954
19488.7 12340 16.0922 -36.496
21087.4 24688.7 17.429 -35.8223
9988.13 16429.9 14.1225 36.5211
16479.4 1486.93 1.66372 2.09653
16045.2 2237.52 1.75676 1.80429
13837.5 1116.09 1.5956 1.36973
-32291 1943.47 20.3138 3.44304
33235.3 20499.1 15.3768 -30.6287
19445.9 12324.8 15.2128 -38.2779
16128.5 24666.2 14.522 37.0268
12926 16412.2 14.7626 -9.4489
846.399 1488.41 0.186757 4.52644
565.522 2236.48 0.367656 3.04872
551.902 1116.49 0.0620838 4.19877
1911.02 1857.65 0.0895126 4.14294
23073.8 20661.2 15.9212 62.4012
21671.3 12427.6 15.4727 60.6454
11531.6 16545.2 14.5457 65.0447
33224.3 24856.1 23.8248 -199.653
17350.7 2255.47 1.93872 1.69453
402.084 1873.51 0.00669462 2.77758
874.892 1125.64 0.20131 -5.25459
11868.6 1497.68 1.75902 1.41224
13993.8 12404.4 14.3896 137.811
13191.7 20625.2 16.3778 136.157
6455.82 16515.6 13.6456 108.914
10725.1 24813.4 18.9595 45.065
529.178 1124.5 0.0804839 3.96689
502.551 2250.5 0.0778907 6.01697
15058.1 1870.28 2.55633 3.64484
11560.2 1496.77 2.70748 3.70393
12375.1 12465.8 15.3483 147.072
19515.2 20719.1 20.7322 57.5579
9530.12 16593 18.0493 59.5501
18303 24925.9 25.2473 -39.7518
16933.9 2262.76 2.79147 4.68386
15235.6 1880.05 2.69579 2.18582
14200.2 1132.46 2.27939 2.71586
502.936 1506.53 0.0981859 4.97411
39252.1 20590.2 21.8839 -137.429
29672.6 12385.3 18.3454 -53.7526
16864.1 16488.1 18.8438 -10.8464
15962.9 24772.2 19.2278 -0.240944
17318.8 2247.85 2.04027 1.49175
14402.6 1122.2 1.78158 1.57263
15508.4 1867.46 1.90546 1.62891
11843.5 1496.01 1.91001 2.71189
27702.7 12379.8 17.2082 -24.5715
27431.1 20585 17.9546 7.62453
19280.6 16482.6 18.4359 -37.5481
13435.2 24766.2 17.0175 37.6704
692.092 2245.5 0.0768712 2.25595
1613.21 1120.59 0.163781 3.09634
15494.5 1864.54 1.76339 1.62815
11869.6 1491.89 1.80125 1.97339
30577.7 12417.5 21.5044 -62.3111
19253 20646.4 19.661 80.4025
12799.7 16531.5 19.8232 23.8196
15390.1 24842.6 21.4687 -7.10956
1213.96 2253.6 0.0731836 3.8506
15324 1872.13 2.48838 2.53856
14312 1125.44 2.2107 2.33513
11791.1 1497.96 2.40496 2.19194
19013.6 12291.2 16.1042 84.4748
26930.9 20441.4 20.4843 -13.3672
9324.78 16366.7 15.7495 77.9525
10808.4 24596.2 17.9167 55.3109
15434.5 1850.8 2.07313 2.25479
17251 2229.16 2.31042 2.06743
14369.3 1111.71 2.04331 2.04764
11838.7 1481.45 2.19412 1.76188
13161.6 12359.8 15.0308 167.361
28194.2 20544.8 21.9914 -3.63485
7766.1 16453.1 15.1229 107.099
15097.4 24714.8 21.0603 9.60361
314.452 2239.51 0.0599583 4.81619
85.111 1864.51 0.0155436 2.73296
14437.3 1119.39 2.01994 1.60746
11903.3 1491.13 2.08153 1.6811
34525.7 12423.3 24.1067 -114.242
58485.7 20653.9 30.4795 -309.808
6626.52 16539.8 14.8032 107.95
18008.4 24847.4 23.3829 -33.5422
17035.4 2254.18 2.75252 2.97064
15194.8 1872.42 2.52676 2.87986
14221 1125.47 2.30801 2.21416
11733.5 1499 2.57006 1.80737
40649.1 12418.9 22.3565 -175.256
25835.8 20646.4 19.3373 16.6429
9221.52 16532.8 15.8584 84.5318
13059.2 24841.5 19.8974 38.9497
107.767 1881.35 -5.37897 8.1168
17322.4 2246.46 2.1569 1.40003
14427 1123.13 1.99717 1.86361
356.894 1496.56 0.0441227 3.38718
29030.3 12192.2 20.1276 -39.098
64372.6 20272.9 28.3073 -365.493
27855.8 16233.2 24.7412 -124.311
12370.2 24391.6 18.8162 47.4185
2.39786e+06 2211.69 242.741 -3931.68
14450.1 1103.8 1.98163 1.78775
15511.4 1837.51 2.07754 1.24752
11895.5 1470.11 1.98238 1.36979
42213.5 12394.5 28.7396 -194.899
11112 20606.7 19.2742 139.421
7088.08 24789.6 20.0355 74.434
37367.5 16500.5 35.8041 -197.841
16793.2 2245.79 3.59377 3.5554
517.641 1865.5 0.0981132 7.1957
13970 1121.68 3.45595 2.62532
11487.6 1493.46 3.51261 2.89551
22794.6 20869.1 20.0489 35.9609
37693.2 12550.7 25.7453 -130.818
22871.8 16712.6 25.8169 -86.2782
18994 25108.1 25.6947 -27.8768
15420.9 1893.14 2.35898 2.46072
17191 2278.49 2.5811 1.83398
14252 1137.14 2.3919 2.26445
11818 1514.74 2.49748 2.18753
23259.8 20656.9 16.2952 57.7877
20373.2 12424.2 14.6104 72.223
12737.6 16542.1 15.7708 45.8249
9669.79 24852.5 14.3266 86.477
15449.4 1870.87 1.82206 1.83566
17332.3 2253.13 1.96215 1.72073
14357.7 1124.77 1.80399 1.58755
11872.1 1497.83 1.85601 1.83237
28950.5 20523.9 16.8656 -19.4423
24431.4 12344.6 15.3806 19.6528
13767.3 24691.6 15.8939 31.9416
12309.7 16434 14.0287 54.585
143.185 1857.5 0.0165709 3.35016
14332.9 1115.94 1.70775 2.13717
553.998 2238.51 0.0651675 3.21617
11882.3 1487.14 1.76331 1.73876
15301.8 12356.2 16.2184 112.663
16636.2 20544.5 17.7807 106.496
10747 16450.6 17.8213 43.4748
74229.9 24717.6 39.0073 -483.425
14215.4 1118.59 2.27164 2.25513
499.434 2241.53 0.0683864 6.16435
15202.1 1861.71 2.53231 3.73049
11673.9 1490.26 2.48994 2.69225
66646.4 20717.5 22.8538 -229.747
23001.7 16591.6 18.8501 14.9671
17488.8 12461.3 16.8067 74.967
30920 24929.4 24.9168 -135.826
36167.6 1127.28 1.98984 2.61684
20575.5 2258.42 2.10761 2.09589
19020.7 1501.88 2.04449 2.03572
487.978 1874.54 0.0487296 3.06059
21994.3 20554.5 15.6366 244.459
12849.7 16462.1 15.7119 118.493
16830 12366.4 18.0696 36.9649
9388.78 24733.5 17.1154 81.3231
35050.9 1119.72 2.64399 6.00111
488.724 2241.5 0.0587861 6.3354
18519.4 1490.5 2.53083 2.70593
16716.2 1861.18 2.62351 4.40969
36238.4 20592.2 21.9057 65.2703
50264.7 16489.2 30.0187 -277.511
13574.5 12383.7 19.3495 82.5909
5438.29 24782 15.0544 125.921
35276.8 1121.49 2.89276 4.37104
20182.3 2246.69 2.74086 3.12471
18654.4 1493.81 2.81935 3.08256
17122.2 1866.15 2.68758 2.56346
51855.4 20392.7 20.8239 -72.887
15898.2 16330.2 16.6563 105.36
16640.4 12263.9 17.0831 82.6278
18580.9 24541 21.0388 -1.3128
36136.8 1112.97 2.1441 2.10297
20602.7 2226.06 2.24446 1.69648
19063.9 1481.01 2.18568 1.21162
17358.8 1849.78 2.21923 1.81421
51407 20625.2 20.8291 -60.0806
25978.5 16515.5 20.0835 -24.6525
17349.3 12404.4 16.9769 78.7067
12816 24820.3 17.7869 66.7063
36094.9 1122.53 1.96569 2.79224
144.707 2249.51 0.0109313 2.43819
18995.9 1496.16 2.00788 1.65347
17340.6 1868.52 1.95168 1.40878
292356 20313.9 44.905 -1821.03
19193.6 12215.4 19.0417 27.9691
28308.8 16267.2 23.0794 -69.45
8939.25 24448.1 18.4674 87.889
35309.3 1104.86 2.50634 3.63541
496.792 2213.53 0.0497051 4.17669
530.59 1472.5 0.0667775 5.14713
17092.4 1838.81 2.46878 3.66008
55577 20495.6 27 -107.5
11367 12325.2 16.6157 129.649
11136 16411.5 16.8763 148.474
4843.73 24665.4 13.7913 156.555
35949.3 1115.8 2.39893 3.09289
20483.7 2234.74 2.63041 2.05633
18979.9 1486.46 2.43401 1.99049
17274.6 1856.36 2.5016 2.129
35789.3 20663.7 17.6488 123.379
22527.2 16550.6 18.6328 10.4813
28170.1 12434.5 21.0515 -62.4094
25766.6 24862.4 24.3499 -85.1727
36028.2 1126.42 2.20817 2.70761
20549.8 2253.8 2.15715 2.57798
18968.6 1499.18 2.13659 2.01902
17319.6 1872.54 2.16479 1.6704
31286.7 20711.2 22.3806 122.722
57349 16585.8 33.55 -310.322
38794.6 12459.6 30.1864 -165.067
5447.23 24922.7 15.7931 130.621
499.633 1129.51 0.0348329 5.69838
20265.4 2261.14 2.85794 2.65418
507.471 1503.5 0.0697104 3.81788
17109.2 1878.61 2.778 2.46876
38557.9 20211.6 18.4256 83.4459
17181.9 12156.1 17.2019 74.3573
15445.1 16184.9 16.4685 101.464
165172 24322 49.5671 -1011.19
35762.7 1100.12 2.2162 4.70105
300.63 2204.52 0.0263795 3.03725
18883.7 1466.09 2.20451 1.9666
965.336 1830.46 0.111871 4.14975
34926.4 20497.8 18.2756 137.921
21403.9 12331.5 17.9869 22.5122
69201.8 16416.3 29.1941 -454.838
21998 24665.4 22.0378 -46.2092
501.372 1117.5 0.027413 4.53091
18953.4 1487.66 2.01588 2.33495
20567.7 2236.37 2.17682 2.55939
539.333 1858.51 0.002464 2.06017
98129.7 20400.9 32.4588 -476.782
14408.3 16338.3 19.5959 93.0686
14552.6 12269.7 20.516 72.0172
10541.8 24549.8 20.1386 57.0917
35103.8 1110.97 2.85467 5.28771
20379.3 2226.23 2.64366 2.29421
18567.2 1480.07 2.65857 3.02765
513.197 1849.5 0.0760633 8.3463
22541.2 20544.4 16.1132 250.089
9897.91 16455 14.6322 162.005
16379.5 12358.8 20.2516 50.9051
11193.3 24719.3 19.3436 57.4655
35031.6 1119.49 2.82165 6.10764
20346.4 2240.96 2.46588 2.07534
18543 1490.9 2.54325 3.15486
17104.2 1861.41 2.29065 3.14947
27954.7 20744.7 16.417 223.239
15677.1 16613.7 16.5262 100.769
24330.5 12479.3 20.9107 -14.0112
250069 24960.4 55.5947 -1464.44
36017.4 1130.97 2.13986 3.61074
20498.8 2262.88 2.22517 2.33058
496.248 1505.47 0.0429477 3.43394
17307.4 1880.34 2.18375 2.10694
49798.6 20560.8 20.6403 -47.5206
24262.1 12369.8 19.781 -16.1755
22729.9 16466.2 18.9915 9.35265
18771 24739.7 21.509 -7.13322
485.181 1121.5 0.0295537 4.12649
496.965 2243.53 0.0370251 3.57584
409.675 1495.6 0.126712 3.55605
17352.4 1864.26 2.05472 1.98311
26674.6 20616 19.9013 173.294
33412.1 16509.7 25.8318 -116.133
11718.9 12397.6 17.6653 102.826
7971.35 24809.5 17.8437 102.415
35591.1 1123.09 2.73417 4.58288
20288.7 2247.89 2.86836 2.77668
18699.7 1495.01 2.6793 2.72828
17079.6 1867.68 2.72222 3.35688
