158491 1133.34 48.8036 392.561
58280.7 2754.86 67.5922 79.6418
98958.8 1141.14 45.8243 510.559
47484 2751.78 73.8923 95.8545
96291 1134.2 41.6246 461.834
44013.6 2751.06 60.2315 93.6002
125383 1126.32 48.7497 490.043
51687.7 2749.88 63.1583 97.5927
130434 1134.11 45.6446 513.092
50640 2738.9 63.2651 119.594
92054 1142.69 41.9007 550.455
44958.6 2752.3 75.6527 101.925
83572.5 1139.68 47.5884 577.566
43977.1 2735.67 84.1039 111.935
158759 1152.53 51.5611 476.32
36631.9 2796 60.281 147.86
116187 1127.43 44.8589 474.798
53536.2 2727.96 59.5088 101.113
146383 1124.63 49.9454 582.169
111280 2747.89 99.291 -13.5381
173172 1137.28 45.4683 496.755
71104.3 2762.77 64.8594 85.4353
143728 1139.63 55.4957 434.536
67136.8 2738.57 87.4707 73.1551
128168 1147.01 52.2138 442.032
62372.2 2761.49 94.8568 57.1757
161767 1126.48 37.7313 510.351
74385.8 2739.16 55.8272 72.5511
148512 1142.31 42.8051 609.769
76411.9 2752.03 81.853 80.4142
133588 1150.83 60.8137 444.725
62140.6 2773.83 105.827 68.1358
237674 1139.33 45.0123 659.063
105926 2776.13 75.3817 65.0937
231703 1170.05 58.9534 514.748
90834.3 2827.14 100.037 68.7575
190207 1183.02 38.8895 613.561
87136 2885.5 62.1282 35.0715
249230 1152.35 48.9261 595.143
102741 2788.54 86.7543 72.788
260832 1149.61 51.0119 650.058
57981.9 2812.82 60.934 203.494
161767 1124.57 56.0844 490.352
97269 2683.02 130.199 58.9786
165086 1142.46 42.3498 567.24
58173 2796.37 56.5341 142.603
280027 1145.28 42.9279 624.276
84773.4 2791.91 58.0308 159.599
231716 1145.89 51.9226 553.184
69967.4 2787.69 63.4634 159.544
391937 1143.59 46.5602 702.726
149615 2789.97 66.0817 85.1083
412501 1153.69 53.6319 606.721
125136 2803.4 71.4847 108.676
269384 1145.11 65.0464 580.085
108990 2755.29 117.539 94.4604
233331 1136.24 39.4421 564.504
95084.6 2769.91 51.3736 109.04
348850 1142.48 40.0402 616.325
132545 2780.1 58.0436 78.5195
318874 1148.52 40.548 741.003
122250 2783.48 68.6784 101.25
257546 1144.39 51.5436 592.934
94071.6 2788.16 65.6829 99.6648
452039 1133.55 41.7962 770.759
165679 2764.72 60.4034 97.0638
309318 1129.78 65.1145 573.316
91676.2 2758.22 80.0552 156.05
289256 1129.72 46.6575 599.142
120022 2742.04 69.9395 84.0477
472982 1141.93 54.6532 691.924
168429 2783.73 75.2001 70.3075
378593 1139.28 45.4128 784.668
145523 2761.63 68.2367 92.159
278088 1138.7 49.6239 695.139
117072 2781.54 69.662 88.7249
255704 1134.65 43.4904 670.947
117018 2773.2 64.3865 80.038
512045 1147.73 51.7729 681.174
189308 2771.21 88.062 77.9965
277149 1128.96 52.4811 780.892
124156 2772.24 74.7195 123.001
707331 1191.63 67.3743 799.488
266768 2894.86 120.683 -40.8603
567676 1150.9 53.0029 904.78
184018 2797.03 77.72 141.206
395969 1143.81 44.9863 711.611
157082 2772.39 66.7555 105.574
366609 1151.63 61.6285 724.804
157731 2776.45 114.712 76.0688
488387 1137.76 44.1893 846.534
190160 2775.91 67.6114 97.3339
460012 1137.13 52.3083 769.832
173580 2769 67.0598 120.192
386528 1155.27 66.7514 656.537
119693 2786.04 97.2968 139.395
539916 1123.11 44.7399 806.773
216441 2717.51 76.4519 79.4603
321228 1115.93 52.946 854.038
143812 2704.74 78.4521 155.113
330228 1118.9 41.6291 668.781
154964 2722.59 55.7356 79.9683
530585 1122.14 60.7425 802.339
208562 2729.53 81.4163 100.702
488302 1118.06 41.5775 908.862
169825 2721.38 61.1583 180.923
313549 1113.49 44.7643 748.067
150303 2719.02 60.9844 98.0136
281453 1127.47 54.7124 748.249
127952 2722.24 73.972 144.39
561924 1114.46 48.1415 836.156
203663 2716.74 62.5237 186.431
248561 1112.1 43.5158 752.906
125987 2719.87 63.5221 138.898
315541 1027.52 62.2084 791.528
311505 2433.88 106.925 206.891
866545 1133.66 61.8552 973.629
331278 2752.3 94.5256 104.406
323486 1125.66 41.4518 873.544
177004 2720.27 75.3508 67.131
298934 1087.03 47.6012 630.84
164578 2659.05 61.9075 80.6445
661607 1106.49 54.8016 923.272
281730 2668.68 94.0691 164.905
714887 1118.98 41.7342 970.033
288332 2723.03 62.3905 120.266
276497 1116.58 41.3439 840.728
143740 2720.91 60.0136 99.3436
411569 1147.73 42.8125 787.283
156988 2799.07 60.7975 68.9338
242675 1153.78 40.8712 792.518
85383.1 2810.48 54.0605 177.985
281891 1158.5 38.9998 785.151
113369 2818.14 58.8604 115.995
391380 1151.91 41.2668 833.292
159126 2800.34 65.3892 49.501
353067 1152.5 39.182 861.137
135512 2806.39 58.9416 108.215
269988 1163.78 40.1299 811.924
109435 2833.74 58.7462 98.862
274608 1159.02 42.7733 618.175
106749 2813.04 61.8129 93.4526
402141 1161.21 41.5874 635.183
149532 2831 59.2896 81.6206
380103 1158.6 40.3233 722.683
141065 2820.13 56.3486 112.522
521408 1160.36 39.7051 905.221
180380 2828.62 58.2179 130.634
552330 1152.38 41.3601 905.926
211233 2805.44 62.9488 52.0152
325896 1128.51 41.3936 744.928
141498 2745.67 55.7872 111.413
398213 1166.28 38.8443 806.302
142218 2836 55.6707 121.46
607537 1160.9 41.4043 956.551
227817 2829.81 63.8777 26.8559
465553 1125.34 41.1982 801.419
201327 2736.6 56.7596 75.9831
414344 1158.68 41.214 849.626
147969 2827.98 55.0739 127.033
711773 1120.52 37.4931 1098.72
289042 2729.9 55.3116 68.2486
396566 1122.57 40.1698 943.525
183569 2738.3 54.9934 121.78
441086 1127.07 36.5645 1011.56
186416 2742.37 48.9409 171.186
673206 1124.98 38.3083 975.357
245129 2744.72 52.1324 150.571
579606 1126.88 38.9243 1012.94
255482 2736.53 59.126 43.1632
464433 1124.2 40.7589 875.572
202173 2740.52 56.4453 89.5086
426604 1124.39 37.1094 770.577
193195 2741.15 51.9587 75.6706
667629 1122.57 37.7576 970.725
256086 2730.45 51.7091 129.853
393259 1107.69 42.0546 929.026
187155 2722.15 63.611 93.3694
642343 1123.64 41.3951 969.909
250307 2735.36 56.861 130.766
717127 1116.97 38.5688 956.559
294823 2727.63 54.2127 62.7502
445072 1125.43 39.0087 925.892
184772 2734.81 57.6779 136.427
499270 1126.35 39.1543 871.616
209297 2737.56 55.547 85.4905
642579 1122.41 38.6799 903.928
264565 2733.73 54.2068 108.893
716732 1123.15 38.7192 1009.08
273851 2731.5 52.9338 150.223
524309 1125.76 37.1806 876.622
210836 2738.8 53.3728 105.806
459941 1114.22 37.9498 947.419
213152 2714.52 53.9928 70.4313
476826 1132.9 44.2389 826.268
271176 2724.87 117.912 -47.3003
457593 1114.75 40.3311 736.808
200452 2727.04 53.4301 70.2865
476400 1112.01 39.7489 874.533
216429 2719.81 55.222 68.5078
430322 1114.69 39.6354 815.905
211473 2709.41 56.7704 42.5673
464197 1120.07 40.4461 896.712
207356 2729.17 56.028 66.244
394997 1115.75 39.3533 732.304
170160 2710.8 54.469 138.992
441900 1118.97 42.3561 859.69
176721 2725.32 54.8579 161.022
359314 1125.29 41.2788 757.68
138167 2735.78 54.7421 168.088
350393 1129.41 42.8787 770.258
127619 2747.58 56.8384 195.33
355675 1117.24 43.5544 769.359
162706 2719.87 59.1288 79.4714
289742 1119.42 41.66 1055.01
131109 2728.24 56.1738 197.022
371385 1121.42 41.9041 756.086
172401 2733.19 57.7733 54.9984
388814 1136.47 39.2085 694.07
160240 2764.95 56.9843 74.1867
364518 1117.52 42.815 576.378
153988 2730.92 57.4967 86.2309
359214 1113.13 37.9544 768.525
159303 2716.93 50.8632 114.913
233945 1125.07 42.1172 687.991
126077 2739.3 63.7826 43.592
222620 1122.61 37.6793 678.136
99002.6 2733.8 50.9842 134.456
265056 1130.94 43.5097 589.67
116170 2754.78 62.1345 60.5524
260998 1124.74 45.1039 573.613
107950 2740.66 59.139 103.861
235736 1132.85 44.4922 607.896
121234 2729.17 82.273 66.3513
247073 1125.15 42.6361 584.974
110928 2738.25 59.1019 65.8114
220061 1119.41 43.5287 577.081
90691 2721.24 56.9745 144.435
240051 1134.26 42.3114 680.671
92150.6 2759.66 54.6126 161.802
114085 1127.01 41.8298 535.621
56437.3 2737.07 56.4075 115.706
153283 1140.74 43.7844 728.751
69433.4 2757.21 67.5099 150.713
182731 1130.58 45.4312 647.494
74610.9 2742.68 61.9716 145.666
114642 1126.85 42.9784 670.247
69412.9 2738.66 69.2889 105.018
133512 1144.89 41.1137 612.491
56229 2787.51 61.0298 111.101
177585 1141.34 43.467 641.233
79058.2 2765.55 65.9582 108.018
157980 1135.82 44.1569 616.306
84681.6 2746.84 72.2714 85.9525
135117 1146.4 41.2006 595.99
67047 2791.42 65.062 84.2677
