##############################################################################
# Class:   R3BCalifaCrystalCalPar
# Context: TestDefaultContext
##############################################################################
[CalifaCrystalCalPar]
//----------------------------------------------------------------------------
NrOfDUnits:  Int_t  128
0:   Double_t  \
 -27.1518 0.928003 1488.4 715.9 509.3 22.2552 11.01 0.9 0.651847
1:   Double_t  \
 -36.1021 0.938478 1385.1 686.7 623.1 31.4839 11.0171 0.9 0.660187
2:   Double_t  \
 -25.4958 0.930111 1434.3 699.2 568.4 1.53993 11.0227 0.9 0.65115
3:   Double_t  \
 -19.3135 0.925794 1505 718.4 485.4 47.5098 11.0136 0.9 0.648114
4:   Double_t  \
 -31.1402 0.934404 1407.9 691.5 596.3 -2.38895 11.0373 0.9 0.650413
5:   Double_t  \
 -32.7938 0.932684 1448.1 704.3 553.6 -4.23771 11.0295 0.9 0.652569
6:   Double_t  \
 -31.8249 0.934045 1472.7 709.6 522.6 7.45785 11.0292 0.9 0.653147
7:   Double_t  \
 -25.7323 0.91148 1415.6 696.2 592.7 4.47734 11.0201 0.9 0.672193
8:   Double_t  \
 -27.6546 0.939283 1494 715.7 505.5 69.5877 10.9712 0.9 0.658672
9:   Double_t  \
 -11.1463 0.917796 1428.2 695.9 573.1 68.4003 10.9914 0.9 0.646955
10:   Double_t  \
 -26.8139 0.925591 1467.1 709.7 530.7 -28.4073 11.0439 0.9 0.645208
11:   Double_t  \
 -34.6965 0.937492 1393.7 686.7 615.5 52.5803 10.9863 0.9 0.656947
12:   Double_t  \
 -31.4531 0.923687 1378 683.3 632.6 43.3299 11.0042 0.9 0.661204
13:   Double_t  \
 -24.3661 0.935299 1450.6 701 546.7 39.0433 11.006 0.9 0.645821
14:   Double_t  \
 -30.3253 0.928438 1490 716.6 505.5 52.2303 11.0068 0.9 0.648551
15:   Double_t  \
 -30.9128 0.916396 1455 705.7 544.1 12.8955 11.0248 0.9 0.670683
16:   Double_t  \
 -25.6654 0.945617 1447.2 705.8 554.8 33.0316 11.0167 0.9 0.424848
17:   Double_t  \
 -36.6036 0.938616 1442 702.4 559 37.0884 11.018 0.9 0.442256
18:   Double_t  \
 -23.8595 0.910952 1503.7 719.8 487.9 19.3096 11.0283 0.9 0.410066
19:   Double_t  \
 -32.861 0.947962 1450.5 709.5 555.9 29.2299 11.0091 0.9 0.42072
20:   Double_t  \
 -23.4619 0.932499 1520.8 724 470.2 34.2387 11.0119 0.9 0.416439
21:   Double_t  \
 -44.2413 0.989393 1472 712.5 526.6 33.1984 11.0187 0.9 0.408337
22:   Double_t  \
 -20.7231 0.936134 1514.5 724.6 480.3 39.0354 11.0071 0.9 0.420194
23:   Double_t  \
 -24.7697 0.940118 1463.8 709.6 536.2 372.848 10.8726 0.9 0.493506
24:   Double_t  \
 -25.7541 0.940715 1462.5 709.7 537 42.9674 11.0083 0.9 0.415016
25:   Double_t  \
 -25.3255 0.941938 1382.4 684.8 623.1 -5.72325 11.0438 0.9 0.42993
26:   Double_t  \
 -29.876 0.937484 1365.4 679.6 642.8 27.0585 11.0255 0.9 0.455498
27:   Double_t  \
 -41.4631 0.969131 1388.6 682.1 614 11.5231 11.0223 0.9 0.411146
28:   Double_t  \
 -23.8878 0.946721 1415.5 695 588.5 44.2946 11.0067 0.9 0.414388
29:   Double_t  \
 -26.7002 0.944248 1474.8 714.3 522.8 17.3882 11.0202 0.9 0.524903
30:   Double_t  \
 -28.8291 0.942646 1439.5 699.8 559.1 18.8774 11.0168 0.9 0.439697
31:   Double_t  \
 -26.7662 0.940229 1411.1 694.2 592.2 3.53073 11.0316 0.9 0.411455
32:   Double_t  \
 -22.4855 0.946126 1529.5 730.4 461.6 22.8228 11.0267 0.9 0.42935
33:   Double_t  \
 -26.1272 0.949988 1481 716.3 517.2 43.1163 11.0114 0.9 0.41675
34:   Double_t  \
 -25.4985 0.95361 1543.1 731.1 446.8 24.6997 11.0084 0.9 0.437443
35:   Double_t  \
 -26.4523 0.940784 1473.7 714.5 526.3 2.16736 11.0282 0.9 0.428407
36:   Double_t  \
 -29.7911 0.953507 1520.1 723.1 468.2 36.6082 11.0178 0.9 0.41538
37:   Double_t  \
 -23.3378 0.938498 1545.5 733.2 448.1 29.5199 10.9988 0.9 0.423204
38:   Double_t  \
 -19.9838 0.940623 1507.2 720.6 487.4 -141.442 11.0998 0.9 0.422251
39:   Double_t  \
 -34.3492 0.951933 1488.7 714.3 506.5 35.548 11.0044 0.9 0.622445
40:   Double_t  \
 -16.4841 0.934326 1422.8 697.4 583.4 51.0273 10.9895 0.9 0.432882
41:   Double_t  \
 -32.6275 0.914205 1333.2 664.6 676.5 49.3672 11.0083 0.9 0.445173
42:   Double_t  \
 -26.2431 0.937947 1453.6 708.1 550.4 15.7684 11.0238 0.9 0.432519
43:   Double_t  \
 -28.6479 0.947345 1436.5 703.8 569.8 0.181889 11.03 0.9 0.433997
44:   Double_t  \
 -32.2473 0.947682 1350.3 675.3 663 11.3683 11.0222 0.9 0.474487
45:   Double_t  \
 -23.1457 0.951543 1489.3 713.8 503.6 57.8788 11.0039 0.9 0.427357
46:   Double_t  \
 -25.9814 0.945751 1346.7 670.3 662.8 35.4638 11.0113 0.9 0.466939
47:   Double_t  \
 -34.4884 0.949279 1463.6 707.5 532.6 36.8542 11.0159 0.9 0.50071
48:   Double_t  \
 -30.2785 0.952366 1436.9 701.1 563.3 38.8684 11.0199 0.9 0.446364
49:   Double_t  \
 -28.1394 0.953792 1416.5 692.6 583.5 24.2214 11.0236 0.9 0.446345
50:   Double_t  \
 -22.565 0.94749 1439.9 702.9 557.4 29.415 11.0389 0.9 0.432691
51:   Double_t  \
 -27.557 0.94221 1471.4 708.8 523 -1.15158 11.0335 0.9 0.452543
52:   Double_t  \
 -26.488 0.953001 1417.8 689.9 579.8 27.1421 11.021 0.9 0.444746
53:   Double_t  \
 -21.6835 0.944012 1374.4 683 635.2 1.07644 11.0355 0.9 0.424638
54:   Double_t  \
 -32.0762 0.950577 1371.3 680.9 635.6 14.9725 11.038 0.9 0.50001
55:   Double_t  \
 -23.1079 0.947956 1426.4 698.9 575.4 -12.5496 11.0402 0.9 0.450589
56:   Double_t  \
 -20.3907 0.944302 1406.6 690.3 599.4 69.947 10.9845 0.9 0.472282
57:   Double_t  \
 -38.7364 1.09753 1410.1 689.9 592.5 38.2113 11.0145 0.9 0.45706
58:   Double_t  \
 -27.2643 0.932825 1336 668 677.6 35.7647 11.006 0.9 0.484739
59:   Double_t  \
 -28.31 0.954259 1476.5 712.5 521.9 70.9795 10.9898 0.9 0.550191
60:   Double_t  \
 -19.3354 0.964707 1451.6 704.1 545.6 32.0729 11.0184 0.9 0.451834
61:   Double_t  \
 -30.2791 0.962568 1445.6 698 548.2 -7.45573 11.0299 0.9 0.505772
62:   Double_t  \
 -24.5476 0.943418 1438.4 696 555.5 49.3105 11.0097 0.9 0.462592
63:   Double_t  \
 -23.4752 0.947103 1492.5 719.5 501.1 -0.547128 11.039 0.9 0.486207
64:   Double_t  \
 -29.0205 0.943405 1389 683.2 616.3 -16.2362 11.0355 0.9 0.413713
65:   Double_t  \
 -28.7826 0.940219 1283.2 653.4 736.6 -17.5879 11.0498 0.9 0.408994
66:   Double_t  \
 -29.4552 0.929983 1444.9 701.9 553.5 65.6944 10.9973 0.9 0.410075
67:   Double_t  \
 -28.6326 0.944533 1420.1 700.2 589.2 33.9752 11.007 0.9 0.412671
68:   Double_t  \
 -28.3866 0.94125 1491.2 717.6 503.9 30.2053 11.0191 0.9 0.409261
69:   Double_t  \
 -29.2059 0.932492 1450.1 708.3 551.9 45.116 11.0168 0.9 0.411191
70:   Double_t  \
 -33.1172 0.940686 1463.7 710.8 534.2 -14.8246 11.0305 0.9 0.408897
71:   Double_t  \
 -29.0986 0.929238 1382.8 686 629.2 -0.872921 11.0173 0.9 0.414223
72:   Double_t  \
 -28.1596 0.936345 1352.5 673 659.4 65.9492 10.9911 0.9 0.412344
73:   Double_t  \
 -24.9089 0.929545 1397.7 686 607.4 6.21855 11.0381 0.9 0.432452
74:   Double_t  \
 -27.7438 0.937798 1306.8 659 708.8 67.0188 10.9986 0.9 0.407796
75:   Double_t  \
 -27.4632 0.956406 1376.4 685.1 634 25.1443 11.0257 0.9 0.408736
76:   Double_t  \
 -28.8115 0.929266 1287.2 652.4 731.2 26.7861 11.0117 0.9 0.414057
77:   Double_t  \
 -26.4943 0.933424 1457.5 705.1 539.5 6.8887 11.0247 0.9 0.417559
78:   Double_t  \
 -26.7877 0.961319 1441.2 699.8 555.8 20.7565 11.0344 0.9 0.40807
79:   Double_t  \
 -25.5322 0.933503 1393.4 682.7 609.2 101.146 10.9718 0.9 0.468581
80:   Double_t  \
 -24.9212 0.958637 1521 726.4 470.5 49.251 11.0121 0.9 0.418341
81:   Double_t  \
 -23.2217 0.953339 1483.5 714 512.4 22.0932 11.0184 0.9 0.412597
82:   Double_t  \
 -24.1778 0.952858 1470.4 714.5 528.9 0.554551 11.0498 0.9 0.422332
83:   Double_t  \
 -22.9644 0.95134 1441.8 706.8 564.7 17.1802 11.0163 0.9 0.4115
84:   Double_t  \
 -28.9002 0.957321 1422.7 699.1 584.6 21.0654 11.0152 0.9 0.4425
85:   Double_t  \
 -22.3803 0.952434 1399.8 686.7 601.9 36.2274 11.0199 0.9 0.425042
86:   Double_t  \
 -21.9292 0.951537 1442.8 702.5 557.6 47.7886 11.0126 0.9 0.415447
87:   Double_t  \
 -24.9522 0.957015 1481 712.2 512 -45.5393 11.0673 0.9 0.42895
88:   Double_t  \
 -17.6638 0.954113 1456.7 708.6 541.6 0.252655 11.0422 0.9 0.414047
89:   Double_t  \
 -24.8214 0.953666 1412 694 593 2.32541 11.0277 0.9 0.408677
90:   Double_t  \
 -21.968 0.956 1462.7 711.1 533.1 50.3863 11.0304 0.9 0.411917
91:   Double_t  \
 -25.17 0.955978 1367.1 677.4 640.5 12.0085 11.02 0.9 0.429476
92:   Double_t  \
 -25.9392 0.955693 1409.2 689.7 592.5 63.0064 10.9978 0.9 0.414766
93:   Double_t  \
 -24.7684 0.953929 1418.3 700.3 590.2 59.3662 10.997 0.9 0.439353
94:   Double_t  \
 -25.097 0.956213 1417.3 695.7 585.6 354.288 10.6958 0.9 0.42336
95:   Double_t  \
 -25.5266 0.957797 1403.4 692.4 605 12.9845 11.024 0.9 0.873758
96:   Double_t  \
 -23.6889 0.9591 1441 703.3 563.1 61.5028 10.9954 0.9 0.538106
97:   Double_t  \
 -27.3818 0.950314 1432.7 700.3 570.8 17.6042 11.0186 0.9 0.870829
98:   Double_t  \
 -19.151 0.949414 1465.9 709.5 534 -17.9282 11.0259 0.9 0.41005
99:   Double_t  \
 -21.4814 0.959099 1431.1 697.2 570.8 28.1502 11.0081 0.9 0.411444
100:   Double_t  \
 -26.2997 0.962323 1419.4 694.4 582.4 48.5019 11.0107 0.9 0.408122
101:   Double_t  \
 -23.536 0.957142 1439.1 701.5 563.7 29.2444 11.0119 0.9 0.41277
102:   Double_t  \
 -25.2553 0.963903 1370.4 681.7 638.7 50.0407 11.0136 0.9 0.439774
103:   Double_t  \
 -25.1368 0.953968 1408.2 693.7 598.8 14.5937 11.023 0.9 0.425608
104:   Double_t  \
 -27.2199 0.950508 1448 702.4 552.6 36.6617 11.0083 0.9 0.437285
105:   Double_t  \
 -24.9553 0.941786 1451.6 704 540.3 21.2989 11.0195 0.9 0.449139
106:   Double_t  \
 -25.0552 0.947876 1292.3 655.1 725.4 42.7455 11.0098 0.9 0.457522
107:   Double_t  \
 -25.2438 0.949052 1434.4 697.6 563 28.7894 11.0276 0.9 0.529928
108:   Double_t  \
 -23.923 0.948877 1507.4 726 493.6 44.71 11.0004 0.9 0.428998
109:   Double_t  \
 -25.1855 0.939596 1446.5 702 550.8 38.826 11.016 0.9 0.452564
110:   Double_t  \
 -22.3381 0.947941 1407.3 689 595.2 70.8348 11.0031 0.9 0.575138
111:   Double_t  \
 -23.6348 0.956601 1406 689.2 595.6 43.2861 11.0094 0.9 0.422501
112:   Double_t  \
 -24.8175 0.939045 1557.5 741.1 431.9 32.9419 11.0273 0.9 0.479913
113:   Double_t  \
 -24.039 0.949128 1528.2 724.4 456.9 25.0079 11.026 0.9 0.435662
114:   Double_t  \
 -24.3279 0.939561 1548.6 740.1 445.7 27.7551 11.0188 0.9 0.439696
115:   Double_t  \
 -26.6164 0.944756 1513 729.9 486.9 -7.40181 11.0284 0.9 0.451101
116:   Double_t  \
 -35.2823 0.954542 1545.7 736.8 445.5 33.4796 11.0189 0.9 0.473749
117:   Double_t  \
 -25.7421 0.950463 1513.2 722.8 475 21.4425 11.035 0.9 0.432279
118:   Double_t  \
 -27.756 0.95312 1535 732.6 455.8 17.9668 11.0297 0.9 0.477806
119:   Double_t  \
 -27.1894 0.937764 1544 732.1 443.1 21.2251 11.023 0.9 0.486813
120:   Double_t  \
 -31.6299 0.95627 1555.6 739 435.8 24.6906 11.0118 0.9 0.470999
121:   Double_t  \
 -38.197 0.952584 1486.3 715.2 506.5 33.5486 11.0193 0.9 0.466975
122:   Double_t  \
 -27.5113 0.940055 1510.4 721.6 480.3 16.1726 11.0218 0.9 0.571619
123:   Double_t  \
 -26.0977 0.944044 1502.4 720.9 491.4 40.0953 11.0096 0.9 0.516782
124:   Double_t  \
 -32.3857 0.939544 1532.6 729.4 457.1 20.3673 11.0232 0.9 0.467676
125:   Double_t  \
 -36.5833 0.948001 1554.6 737.7 434 11.5717 11.0259 0.9 0.470736
126:   Double_t  \
 -30.2158 0.944243 1540.9 733.3 450.9 -14.1675 11.0326 0.9 0.471111
127:   Double_t  \
 -24.6948 0.929804 1544.6 737 446.5 9.83093 11.0331 0.9 0.591761
