##############################################################################
# Class:   R3BCalifaCrystalCalPar
# Context: TestDefaultContext
##############################################################################
[CalifaCrystalCalPar]
//----------------------------------------------------------------------------
NrOfDUnits:  Int_t  128
0:   Double_t  \
 -0.0271518 0.000928003 1488.4 715.9 509.3 22.2552 11.01 0.9 0.000651847
1:   Double_t  \
 -0.0361021 0.000938478 1385.1 686.7 623.1 31.4839 11.0171 0.9 0.000660187
2:   Double_t  \
 -0.0254958 0.000930111 1434.3 699.2 568.4 1.53993 11.0227 0.9 0.00065115
3:   Double_t  \
 -0.0193135 0.000925794 1505 718.4 485.4 47.5098 11.0136 0.9 0.000648114
4:   Double_t  \
 -0.0311402 0.000934404 1407.9 691.5 596.3 -2.38895 11.0373 0.9 0.000650413
5:   Double_t  \
 -0.0327938 0.000932684 1448.1 704.3 553.6 -4.23771 11.0295 0.9 0.000652569
6:   Double_t  \
 -0.0318249 0.000934045 1472.7 709.6 522.6 7.45785 11.0292 0.9 0.000653147
7:   Double_t  \
 -0.0257323 0.00091148 1415.6 696.2 592.7 4.47734 11.0201 0.9 0.000672193
8:   Double_t  \
 -0.0276546 0.000939283 1494 715.7 505.5 69.5877 10.9712 0.9 0.000658672
9:   Double_t  \
 -0.0111463 0.000917796 1428.2 695.9 573.1 68.4003 10.9914 0.9 0.000646955
10:   Double_t  \
 -0.0268139 0.000925591 1467.1 709.7 530.7 -28.4073 11.0439 0.9 0.000645208
11:   Double_t  \
 -0.0346965 0.000937492 1393.7 686.7 615.5 52.5803 10.9863 0.9 0.000656947
12:   Double_t  \
 -0.0314531 0.000923687 1378 683.3 632.6 43.3299 11.0042 0.9 0.000661204
13:   Double_t  \
 -0.0243661 0.000935299 1450.6 701 546.7 39.0433 11.006 0.9 0.000645821
14:   Double_t  \
 -0.0303253 0.000928438 1490 716.6 505.5 52.2303 11.0068 0.9 0.000648551
15:   Double_t  \
 -0.0309128 0.000916396 1455 705.7 544.1 12.8955 11.0248 0.9 0.000670683
16:   Double_t  \
 -0.0256654 0.000945617 1447.2 705.8 554.8 33.0316 11.0167 0.9 0.000424848
17:   Double_t  \
 -0.0366036 0.000938616 1442 702.4 559 37.0884 11.018 0.9 0.000442256
18:   Double_t  \
 -0.0238595 0.000910952 1503.7 719.8 487.9 19.3096 11.0283 0.9 0.000410066
19:   Double_t  \
 -0.032861 0.000947962 1450.5 709.5 555.9 29.2299 11.0091 0.9 0.00042072
20:   Double_t  \
 -0.0234619 0.000932499 1520.8 724 470.2 34.2387 11.0119 0.9 0.000416439
21:   Double_t  \
 -0.0442413 0.000989393 1472 712.5 526.6 33.1984 11.0187 0.9 0.000408337
22:   Double_t  \
 -0.0207231 0.000936134 1514.5 724.6 480.3 39.0354 11.0071 0.9 0.000420194
23:   Double_t  \
 -0.0247697 0.000940118 1463.8 709.6 536.2 372.848 10.8726 0.9 0.000493506
24:   Double_t  \
 -0.0257541 0.000940715 1462.5 709.7 537 42.9674 11.0083 0.9 0.000415016
25:   Double_t  \
 -0.0253255 0.000941938 1382.4 684.8 623.1 -5.72325 11.0438 0.9 0.00042993
26:   Double_t  \
 -0.029876 0.000937484 1365.4 679.6 642.8 27.0585 11.0255 0.9 0.000455498
27:   Double_t  \
 -0.0414631 0.000969131 1388.6 682.1 614 11.5231 11.0223 0.9 0.000411146
28:   Double_t  \
 -0.0238878 0.000946721 1415.5 695 588.5 44.2946 11.0067 0.9 0.000414388
29:   Double_t  \
 -0.0267002 0.000944248 1474.8 714.3 522.8 17.3882 11.0202 0.9 0.000524903
30:   Double_t  \
 -0.0288291 0.000942646 1439.5 699.8 559.1 18.8774 11.0168 0.9 0.000439697
31:   Double_t  \
 -0.0267662 0.000940229 1411.1 694.2 592.2 3.53073 11.0316 0.9 0.000411455
32:   Double_t  \
 -0.0224855 0.000946126 1529.5 730.4 461.6 22.8228 11.0267 0.9 0.00042935
33:   Double_t  \
 -0.0261272 0.000949988 1481 716.3 517.2 43.1163 11.0114 0.9 0.00041675
34:   Double_t  \
 -0.0254985 0.00095361 1543.1 731.1 446.8 24.6997 11.0084 0.9 0.000437443
35:   Double_t  \
 -0.0264523 0.000940784 1473.7 714.5 526.3 2.16736 11.0282 0.9 0.000428407
36:   Double_t  \
 -0.0297911 0.000953507 1520.1 723.1 468.2 36.6082 11.0178 0.9 0.00041538
37:   Double_t  \
 -0.0233378 0.000938498 1545.5 733.2 448.1 29.5199 10.9988 0.9 0.000423204
38:   Double_t  \
 -0.0199838 0.000940623 1507.2 720.6 487.4 -141.442 11.0998 0.9 0.000422251
39:   Double_t  \
 -0.0343492 0.000951933 1488.7 714.3 506.5 35.548 11.0044 0.9 0.000622445
40:   Double_t  \
 -0.0164841 0.000934326 1422.8 697.4 583.4 51.0273 10.9895 0.9 0.000432882
41:   Double_t  \
 -0.0326275 0.000914205 1333.2 664.6 676.5 49.3672 11.0083 0.9 0.000445173
42:   Double_t  \
 -0.0262431 0.000937947 1453.6 708.1 550.4 15.7684 11.0238 0.9 0.000432519
43:   Double_t  \
 -0.0286479 0.000947345 1436.5 703.8 569.8 0.181889 11.03 0.9 0.000433997
44:   Double_t  \
 -0.0322473 0.000947682 1350.3 675.3 663 11.3683 11.0222 0.9 0.000474487
45:   Double_t  \
 -0.0231457 0.000951543 1489.3 713.8 503.6 57.8788 11.0039 0.9 0.000427357
46:   Double_t  \
 -0.0259814 0.000945751 1346.7 670.3 662.8 35.4638 11.0113 0.9 0.000466939
47:   Double_t  \
 -0.0344884 0.000949279 1463.6 707.5 532.6 36.8542 11.0159 0.9 0.00050071
48:   Double_t  \
 -0.0302785 0.000952366 1436.9 701.1 563.3 38.8684 11.0199 0.9 0.000446364
49:   Double_t  \
 -0.0281394 0.000953792 1416.5 692.6 583.5 24.2214 11.0236 0.9 0.000446345
50:   Double_t  \
 -0.022565 0.00094749 1439.9 702.9 557.4 29.415 11.0389 0.9 0.000432691
51:   Double_t  \
 -0.027557 0.00094221 1471.4 708.8 523 -1.15158 11.0335 0.9 0.000452543
52:   Double_t  \
 -0.026488 0.000953001 1417.8 689.9 579.8 27.1421 11.021 0.9 0.000444746
53:   Double_t  \
 -0.0216835 0.000944012 1374.4 683 635.2 1.07644 11.0355 0.9 0.000424638
54:   Double_t  \
 -0.0320762 0.000950577 1371.3 680.9 635.6 14.9725 11.038 0.9 0.00050001
55:   Double_t  \
 -0.0231079 0.000947956 1426.4 698.9 575.4 -12.5496 11.0402 0.9 0.000450589
56:   Double_t  \
 -0.0203907 0.000944302 1406.6 690.3 599.4 69.947 10.9845 0.9 0.000472282
57:   Double_t  \
 -0.0387364 0.00109753 1410.1 689.9 592.5 38.2113 11.0145 0.9 0.00045706
58:   Double_t  \
 -0.0272643 0.000932825 1336 668 677.6 35.7647 11.006 0.9 0.000484739
59:   Double_t  \
 -0.02831 0.000954259 1476.5 712.5 521.9 70.9795 10.9898 0.9 0.000550191
60:   Double_t  \
 -0.0193354 0.000964707 1451.6 704.1 545.6 32.0729 11.0184 0.9 0.000451834
61:   Double_t  \
 -0.0302791 0.000962568 1445.6 698 548.2 -7.45573 11.0299 0.9 0.000505772
62:   Double_t  \
 -0.0245476 0.000943418 1438.4 696 555.5 49.3105 11.0097 0.9 0.000462592
63:   Double_t  \
 -0.0234752 0.000947103 1492.5 719.5 501.1 -0.547128 11.039 0.9 0.000486207
64:   Double_t  \
 -0.0290205 0.000943405 1389 683.2 616.3 -16.2362 11.0355 0.9 0.000413713
65:   Double_t  \
 -0.0287826 0.000940219 1283.2 653.4 736.6 -17.5879 11.0498 0.9 0.000408994
66:   Double_t  \
 -0.0294552 0.000929983 1444.9 701.9 553.5 65.6944 10.9973 0.9 0.000410075
67:   Double_t  \
 -0.0286326 0.000944533 1420.1 700.2 589.2 33.9752 11.007 0.9 0.000412671
68:   Double_t  \
 -0.0283866 0.00094125 1491.2 717.6 503.9 30.2053 11.0191 0.9 0.000409261
69:   Double_t  \
 -0.0292059 0.000932492 1450.1 708.3 551.9 45.116 11.0168 0.9 0.000411191
70:   Double_t  \
 -0.0331172 0.000940686 1463.7 710.8 534.2 -14.8246 11.0305 0.9 0.000408897
71:   Double_t  \
 -0.0290986 0.000929238 1382.8 686 629.2 -0.872921 11.0173 0.9 0.000414223
72:   Double_t  \
 -0.0281596 0.000936345 1352.5 673 659.4 65.9492 10.9911 0.9 0.000412344
73:   Double_t  \
 -0.0249089 0.000929545 1397.7 686 607.4 6.21855 11.0381 0.9 0.000432452
74:   Double_t  \
 -0.0277438 0.000937798 1306.8 659 708.8 67.0188 10.9986 0.9 0.000407796
75:   Double_t  \
 -0.0274632 0.000956406 1376.4 685.1 634 25.1443 11.0257 0.9 0.000408736
76:   Double_t  \
 -0.0288115 0.000929266 1287.2 652.4 731.2 26.7861 11.0117 0.9 0.000414057
77:   Double_t  \
 -0.0264943 0.000933424 1457.5 705.1 539.5 6.8887 11.0247 0.9 0.000417559
78:   Double_t  \
 -0.0267877 0.000961319 1441.2 699.8 555.8 20.7565 11.0344 0.9 0.00040807
79:   Double_t  \
 -0.0255322 0.000933503 1393.4 682.7 609.2 101.146 10.9718 0.9 0.000468581
80:   Double_t  \
 -0.0249212 0.000958637 1521 726.4 470.5 49.251 11.0121 0.9 0.000418341
81:   Double_t  \
 -0.0232217 0.000953339 1483.5 714 512.4 22.0932 11.0184 0.9 0.000412597
82:   Double_t  \
 -0.0241778 0.000952858 1470.4 714.5 528.9 0.554551 11.0498 0.9 0.000422332
83:   Double_t  \
 -0.0229644 0.00095134 1441.8 706.8 564.7 17.1802 11.0163 0.9 0.0004115
84:   Double_t  \
 -0.0289002 0.000957321 1422.7 699.1 584.6 21.0654 11.0152 0.9 0.0004425
85:   Double_t  \
 -0.0223803 0.000952434 1399.8 686.7 601.9 36.2274 11.0199 0.9 0.000425042
86:   Double_t  \
 -0.0219292 0.000951537 1442.8 702.5 557.6 47.7886 11.0126 0.9 0.000415447
87:   Double_t  \
 -0.0249522 0.000957015 1481 712.2 512 -45.5393 11.0673 0.9 0.00042895
88:   Double_t  \
 -0.0176638 0.000954113 1456.7 708.6 541.6 0.252655 11.0422 0.9 0.000414047
89:   Double_t  \
 -0.0248214 0.000953666 1412 694 593 2.32541 11.0277 0.9 0.000408677
90:   Double_t  \
 -0.021968 0.000956 1462.7 711.1 533.1 50.3863 11.0304 0.9 0.000411917
91:   Double_t  \
 -0.02517 0.000955978 1367.1 677.4 640.5 12.0085 11.02 0.9 0.000429476
92:   Double_t  \
 -0.0259392 0.000955693 1409.2 689.7 592.5 63.0064 10.9978 0.9 0.000414766
93:   Double_t  \
 -0.0247684 0.000953929 1418.3 700.3 590.2 59.3662 10.997 0.9 0.000439353
94:   Double_t  \
 -0.025097 0.000956213 1417.3 695.7 585.6 354.288 10.6958 0.9 0.00042336
95:   Double_t  \
 -0.0255266 0.000957797 1403.4 692.4 605 12.9845 11.024 0.9 0.000873758
96:   Double_t  \
 -0.0236889 0.0009591 1441 703.3 563.1 61.5028 10.9954 0.9 0.000538106
97:   Double_t  \
 -0.0273818 0.000950314 1432.7 700.3 570.8 17.6042 11.0186 0.9 0.000870829
98:   Double_t  \
 -0.019151 0.000949414 1465.9 709.5 534 -17.9282 11.0259 0.9 0.00041005
99:   Double_t  \
 -0.0214814 0.000959099 1431.1 697.2 570.8 28.1502 11.0081 0.9 0.000411444
100:   Double_t  \
 -0.0262997 0.000962323 1419.4 694.4 582.4 48.5019 11.0107 0.9 0.000408122
101:   Double_t  \
 -0.023536 0.000957142 1439.1 701.5 563.7 29.2444 11.0119 0.9 0.00041277
102:   Double_t  \
 -0.0252553 0.000963903 1370.4 681.7 638.7 50.0407 11.0136 0.9 0.000439774
103:   Double_t  \
 -0.0251368 0.000953968 1408.2 693.7 598.8 14.5937 11.023 0.9 0.000425608
104:   Double_t  \
 -0.0272199 0.000950508 1448 702.4 552.6 36.6617 11.0083 0.9 0.000437285
105:   Double_t  \
 -0.0249553 0.000941786 1451.6 704 540.3 21.2989 11.0195 0.9 0.000449139
106:   Double_t  \
 -0.0250552 0.000947876 1292.3 655.1 725.4 42.7455 11.0098 0.9 0.000457522
107:   Double_t  \
 -0.0252438 0.000949052 1434.4 697.6 563 28.7894 11.0276 0.9 0.000529928
108:   Double_t  \
 -0.023923 0.000948877 1507.4 726 493.6 44.71 11.0004 0.9 0.000428998
109:   Double_t  \
 -0.0251855 0.000939596 1446.5 702 550.8 38.826 11.016 0.9 0.000452564
110:   Double_t  \
 -0.0223381 0.000947941 1407.3 689 595.2 70.8348 11.0031 0.9 0.000575138
111:   Double_t  \
 -0.0236348 0.000956601 1406 689.2 595.6 43.2861 11.0094 0.9 0.000422501
112:   Double_t  \
 -0.0248175 0.000939045 1557.5 741.1 431.9 32.9419 11.0273 0.9 0.000479913
113:   Double_t  \
 -0.024039 0.000949128 1528.2 724.4 456.9 25.0079 11.026 0.9 0.000435662
114:   Double_t  \
 -0.0243279 0.000939561 1548.6 740.1 445.7 27.7551 11.0188 0.9 0.000439696
115:   Double_t  \
 -0.0266164 0.000944756 1513 729.9 486.9 -7.40181 11.0284 0.9 0.000451101
116:   Double_t  \
 -0.0352823 0.000954542 1545.7 736.8 445.5 33.4796 11.0189 0.9 0.000473749
117:   Double_t  \
 -0.0257421 0.000950463 1513.2 722.8 475 21.4425 11.035 0.9 0.000432279
118:   Double_t  \
 -0.027756 0.00095312 1535 732.6 455.8 17.9668 11.0297 0.9 0.000477806
119:   Double_t  \
 -0.0271894 0.000937764 1544 732.1 443.1 21.2251 11.023 0.9 0.000486813
120:   Double_t  \
 -0.0316299 0.00095627 1555.6 739 435.8 24.6906 11.0118 0.9 0.000470999
121:   Double_t  \
 -0.038197 0.000952584 1486.3 715.2 506.5 33.5486 11.0193 0.9 0.000466975
122:   Double_t  \
 -0.0275113 0.000940055 1510.4 721.6 480.3 16.1726 11.0218 0.9 0.000571619
123:   Double_t  \
 -0.0260977 0.000944044 1502.4 720.9 491.4 40.0953 11.0096 0.9 0.000516782
124:   Double_t  \
 -0.0323857 0.000939544 1532.6 729.4 457.1 20.3673 11.0232 0.9 0.000467676
125:   Double_t  \
 -0.0365833 0.000948001 1554.6 737.7 434 11.5717 11.0259 0.9 0.000470736
126:   Double_t  \
 -0.0302158 0.000944243 1540.9 733.3 450.9 -14.1675 11.0326 0.9 0.000471111
127:   Double_t  \
 -0.0246948 0.000929804 1544.6 737 446.5 9.83093 11.0331 0.9 0.000591761
