xstal E=par0*exp(TOT/par1)+par2
0  1488.4 715.9 509.3
1  1385.1 686.7 623.1
2  1434.3 699.2 568.4
3  1505.0 718.4 485.4
4  1407.9 691.5 596.3
5  1448.1 704.3 553.6
6  1472.7 709.6 522.6
7  1415.6 696.2 592.7
8  1494.0 715.7 505.5
9  1428.2 695.9 573.1
10 1467.1 709.7 530.7
11 1393.7 686.7 615.5
12 1378.0 683.3 632.6
13 1450.6 701.0 546.7
14 1490.0 716.6 505.5
15 1455.0 705.7 544.1
16 1447.2 705.8 554.8
17 1442.0 702.4 559.0
18 1503.7 719.8 487.9
19 1450.5 709.5 555.9
20 1520.8 724.0 470.2
21 1472.0 712.5 526.6
22 1514.5 724.6 480.3
23 1463.8 709.6 536.2
24 1462.5 709.7 537.0
25 1382.4 684.8 623.1
26 1365.4 679.6 642.8
27 1388.6 682.1 614.0
28 1415.5 695.0 588.5
29 1474.8 714.3 522.8
30 1439.5 699.8 559.1
31 1411.1 694.2 592.2
32 1529.5 730.4 461.6
33 1481.0 716.3 517.2
34 1543.1 731.1 446.8
35 1473.7 714.5 526.3
36 1520.1 723.1 468.2
37 1545.5 733.2 448.1
38 1507.2 720.6 487.4
39 1488.7 714.3 506.5
40 1422.8 697.4 583.4
41 1333.2 664.6 676.5
42 1453.6 708.1 550.4
43 1436.5 703.8 569.8
44 1350.3 675.3 663.0
45 1489.3 713.8 503.6
46 1346.7 670.3 662.8
47 1463.6 707.5 532.6
48 1436.9 701.1 563.3
49 1416.5 692.6 583.5
50 1439.9 702.9 557.4
51 1471.4 708.8 523.0
52 1417.8 689.9 579.8
53 1374.4 683.0 635.2
54 1371.3 680.9 635.6
55 1426.4 698.9 575.4
56 1406.6 690.3 599.4
57 1410.1 689.9 592.5
58 1336.0 668.0 677.6
59 1476.5 712.5 521.9
60 1451.6 704.1 545.6
61 1445.6 698.0 548.2
62 1438.4 696.0 555.5
63 1492.5 719.5 501.1
64 1389.0 683.2 616.3
65 1283.2 653.4 736.6
66 1444.9 701.9 553.5
67 1420.1 700.2 589.2
68 1491.2 717.6 503.9
69 1450.1 708.3 551.9
70 1463.7 710.8 534.2
71 1382.8 686.0 629.2
72 1352.5 673.0 659.4
73 1397.7 686.0 607.4
74 1306.8 659.0 708.8
75 1376.4 685.1 634.0
76 1287.2 652.4 731.2
77 1457.5 705.1 539.5
78 1441.2 699.8 555.8
79 1393.4 682.7 609.2
80 1521.0 726.4 470.5
81 1483.5 714.0 512.4
82 1470.4 714.5 528.9
83 1441.8 706.8 564.7
84 1422.7 699.1 584.6
85 1399.8 686.7 601.9
86 1442.8 702.5 557.6
87 1481.0 712.2 512.0
88 1456.7 708.6 541.6
89 1412.0 694.0 593.0
90 1462.7 711.1 533.1
91 1367.1 677.4 640.5
92 1409.2 689.7 592.5
93 1418.3 700.3 590.2
94 1417.3 695.7 585.6
95 1403.4 692.4 605.0
96 1441.0 703.3 563.1
97 1432.7 700.3 570.8
98 1465.9 709.5 534.0
99 1431.1 697.2 570.8
100 1419.4 694.4 582.4
101 1439.1 701.5 563.7
102 1370.4 681.7 638.7
103 1408.2 693.7 598.8
104 1448.0 702.4 552.6
105 1451.6 704.0 540.3
106 1292.3 655.1 725.4
107 1434.4 697.6 563.0
108 1507.4 726.0 493.6
109 1446.5 702.0 550.8
110 1407.3 689.0 595.2
111 1406.0 689.2 595.6
112 1557.5 741.1 431.9
113 1528.2 724.4 456.9
114 1548.6 740.1 445.7
115 1513.0 729.9 486.9
116 1545.7 736.8 445.5
117 1513.2 722.8 475.0
118 1535.0 732.6 455.8
119 1544.0 732.1 443.1
120 1555.6 739.0 435.8
121 1486.3 715.2 506.5
122 1510.4 721.6 480.3
123 1502.4 720.9 491.4
124 1532.6 729.4 457.1
125 1554.6 737.7 434.0
126 1540.9 733.3 450.9
127 1544.6 737.0 446.5
