#################################################################
# PRECAL parameter for Pspx
#
# Format for Gain for Strips:
# DetectorNo Face nStrips
#   Strip# Gain Threshold1 Threshold2
#
# 3 physical detectors are in this step 12 detetors in R3BRoot
# because each detector is divided again into front and back side 
#
# warn: Never ever use TABS! Don't put a Space behind the Backslash!
#################################################################
[R3BPspxPrecalPar]
//-------------------------------------------------------------
R3BPspxPrecalDetectors: Int_t 12
R3BPspxPrecalStrips: Int_t \
32 32 32 32 32 32 32 32 32 32 32 32
R3BPspxPrecalPar: Float_t  \
1.0 1.0 32.0 \
  1.0 1.0 0.0 0.0 \
  2.0 1.0 0.0 0.0 \
  3.0 1.0 0.0 0.0 \
  4.0 1.0 0.0 0.0 \
  5.0 1.0 0.0 0.0 \
  6.0 1.0 0.0 0.0 \
  7.0 1.0 0.0 0.0 \
  8.0 1.0 0.0 0.0 \
  9.0 1.0 0.0 0.0 \
  10.0 1.0 0.0 0.0 \
  11.0 1.0 0.0 0.0 \
  12.0 1.0 0.0 0.0 \
  13.0 1.0 0.0 0.0 \
  14.0 1.0 0.0 0.0 \
  15.0 1.0 0.0 0.0 \
  16.0 1.0 0.0 0.0 \
  17.0 1.0 0.0 0.0 \
  18.0 1.0 0.0 0.0 \
  19.0 1.0 0.0 0.0 \
  20.0 1.0 0.0 0.0 \
  21.0 1.0 0.0 0.0 \
  22.0 1.0 0.0 0.0 \
  23.0 1.0 0.0 0.0 \
  24.0 1.0 0.0 0.0 \
  25.0 1.0 0.0 0.0 \
  26.0 1.0 0.0 0.0 \
  27.0 1.0 0.0 0.0 \
  28.0 1.0 0.0 0.0 \
  29.0 1.0 0.0 0.0 \
  30.0 1.0 0.0 0.0 \
  31.0 1.0 0.0 0.0 \
  32.0 1.0 0.0 0.0 \
1.0 2.0 32.0 \
  1.0 1.0 0.0 0.0 \
  2.0 1.0 0.0 0.0 \
  3.0 1.0 0.0 0.0 \
  4.0 1.0 0.0 0.0 \
  5.0 1.0 0.0 0.0 \
  6.0 1.0 0.0 0.0 \
  7.0 1.0 0.0 0.0 \
  8.0 1.0 0.0 0.0 \
  9.0 1.0 0.0 0.0 \
  10.0 1.0 0.0 0.0 \
  11.0 1.0 0.0 0.0 \
  12.0 1.0 0.0 0.0 \
  13.0 1.0 0.0 0.0 \
  14.0 1.0 0.0 0.0 \
  15.0 1.0 0.0 0.0 \
  16.0 1.0 0.0 0.0 \
  17.0 1.0 0.0 0.0 \
  18.0 1.0 0.0 0.0 \
  19.0 1.0 0.0 0.0 \
  20.0 1.0 0.0 0.0 \
  21.0 1.0 0.0 0.0 \
  22.0 1.0 0.0 0.0 \
  23.0 1.0 0.0 0.0 \
  24.0 1.0 0.0 0.0 \
  25.0 1.0 0.0 0.0 \
  26.0 1.0 0.0 0.0 \
  27.0 1.0 0.0 0.0 \
  28.0 1.0 0.0 0.0 \
  29.0 1.0 0.0 0.0 \
  30.0 1.0 0.0 0.0 \
  31.0 1.0 0.0 0.0 \
  32.0 1.0 0.0 0.0 \
2.0 1.0 32.0 \
  1.0 1.0 0.0 0.0 \
  2.0 1.0 0.0 0.0 \
  3.0 1.0 0.0 0.0 \
  4.0 1.0 0.0 0.0 \
  5.0 1.0 0.0 0.0 \
  6.0 1.0 0.0 0.0 \
  7.0 1.0 0.0 0.0 \
  8.0 1.0 0.0 0.0 \
  9.0 1.0 0.0 0.0 \
  10.0 1.0 0.0 0.0 \
  11.0 1.0 0.0 0.0 \
  12.0 1.0 0.0 0.0 \
  13.0 1.0 0.0 0.0 \
  14.0 1.0 0.0 0.0 \
  15.0 1.0 0.0 0.0 \
  16.0 1.0 0.0 0.0 \
  17.0 1.0 0.0 0.0 \
  18.0 1.0 0.0 0.0 \
  19.0 1.0 0.0 0.0 \
  20.0 1.0 0.0 0.0 \
  21.0 1.0 0.0 0.0 \
  22.0 1.0 0.0 0.0 \
  23.0 1.0 0.0 0.0 \
  24.0 1.0 0.0 0.0 \
  25.0 1.0 0.0 0.0 \
  26.0 1.0 0.0 0.0 \
  27.0 1.0 0.0 0.0 \
  28.0 1.0 0.0 0.0 \
  29.0 1.0 0.0 0.0 \
  30.0 1.0 0.0 0.0 \
  31.0 1.0 0.0 0.0 \
  32.0 1.0 0.0 0.0 \
2.0 2.0 32.0 \
  1.0 1.0 0.0 0.0 \
  2.0 1.0 0.0 0.0 \
  3.0 1.0 0.0 0.0 \
  4.0 1.0 0.0 0.0 \
  5.0 1.0 0.0 0.0 \
  6.0 1.0 0.0 0.0 \
  7.0 1.0 0.0 0.0 \
  8.0 1.0 0.0 0.0 \
  9.0 1.0 0.0 0.0 \
  10.0 1.0 0.0 0.0 \
  11.0 1.0 0.0 0.0 \
  12.0 1.0 0.0 0.0 \
  13.0 1.0 0.0 0.0 \
  14.0 1.0 0.0 0.0 \
  15.0 1.0 0.0 0.0 \
  16.0 1.0 0.0 0.0 \
  17.0 1.0 0.0 0.0 \
  18.0 1.0 0.0 0.0 \
  19.0 1.0 0.0 0.0 \
  20.0 1.0 0.0 0.0 \
  21.0 1.0 0.0 0.0 \
  22.0 1.0 0.0 0.0 \
  23.0 1.0 0.0 0.0 \
  24.0 1.0 0.0 0.0 \
  25.0 1.0 0.0 0.0 \
  26.0 1.0 0.0 0.0 \
  27.0 1.0 0.0 0.0 \
  28.0 1.0 0.0 0.0 \
  29.0 1.0 0.0 0.0 \
  30.0 1.0 0.0 0.0 \
  31.0 1.0 0.0 0.0 \
  32.0 1.0 0.0 0.0 \
3.0 1.0 32.0 \
  1.0 1.0 0.0 0.0 \
  2.0 1.0 0.0 0.0 \
  3.0 1.0 0.0 0.0 \
  4.0 1.0 0.0 0.0 \
  5.0 1.0 0.0 0.0 \
  6.0 1.0 0.0 0.0 \
  7.0 1.0 0.0 0.0 \
  8.0 1.0 0.0 0.0 \
  9.0 1.0 0.0 0.0 \
  10.0 1.0 0.0 0.0 \
  11.0 1.0 0.0 0.0 \
  12.0 1.0 0.0 0.0 \
  13.0 1.0 0.0 0.0 \
  14.0 1.0 0.0 0.0 \
  15.0 1.0 0.0 0.0 \
  16.0 1.0 0.0 0.0 \
  17.0 1.0 0.0 0.0 \
  18.0 1.0 0.0 0.0 \
  19.0 1.0 0.0 0.0 \
  20.0 1.0 0.0 0.0 \
  21.0 1.0 0.0 0.0 \
  22.0 1.0 0.0 0.0 \
  23.0 1.0 0.0 0.0 \
  24.0 1.0 0.0 0.0 \
  25.0 1.0 0.0 0.0 \
  26.0 1.0 0.0 0.0 \
  27.0 1.0 0.0 0.0 \
  28.0 1.0 0.0 0.0 \
  29.0 1.0 0.0 0.0 \
  30.0 1.0 0.0 0.0 \
  31.0 1.0 0.0 0.0 \
  32.0 1.0 0.0 0.0 \
3.0 2.0 32.0 \
  1.0 1.0 0.0 0.0 \
  2.0 1.0 0.0 0.0 \
  3.0 1.0 0.0 0.0 \
  4.0 1.0 0.0 0.0 \
  5.0 1.0 0.0 0.0 \
  6.0 1.0 0.0 0.0 \
  7.0 1.0 0.0 0.0 \
  8.0 1.0 0.0 0.0 \
  9.0 1.0 0.0 0.0 \
  10.0 1.0 0.0 0.0 \
  11.0 1.0 0.0 0.0 \
  12.0 1.0 0.0 0.0 \
  13.0 1.0 0.0 0.0 \
  14.0 1.0 0.0 0.0 \
  15.0 1.0 0.0 0.0 \
  16.0 1.0 0.0 0.0 \
  17.0 1.0 0.0 0.0 \
  18.0 1.0 0.0 0.0 \
  19.0 1.0 0.0 0.0 \
  20.0 1.0 0.0 0.0 \
  21.0 1.0 0.0 0.0 \
  22.0 1.0 0.0 0.0 \
  23.0 1.0 0.0 0.0 \
  24.0 1.0 0.0 0.0 \
  25.0 1.0 0.0 0.0 \
  26.0 1.0 0.0 0.0 \
  27.0 1.0 0.0 0.0 \
  28.0 1.0 0.0 0.0 \
  29.0 1.0 0.0 0.0 \
  30.0 1.0 0.0 0.0 \
  31.0 1.0 0.0 0.0 \
  32.0 1.0 0.0 0.0 \
4.0 1.0 32.0 \
  1.0 1.0 0.0 0.0 \
  2.0 1.0 0.0 0.0 \
  3.0 1.0 0.0 0.0 \
  4.0 1.0 0.0 0.0 \
  5.0 1.0 0.0 0.0 \
  6.0 1.0 0.0 0.0 \
  7.0 1.0 0.0 0.0 \
  8.0 1.0 0.0 0.0 \
  9.0 1.0 0.0 0.0 \
  10.0 1.0 0.0 0.0 \
  11.0 1.0 0.0 0.0 \
  12.0 1.0 0.0 0.0 \
  13.0 1.0 0.0 0.0 \
  14.0 1.0 0.0 0.0 \
  15.0 1.0 0.0 0.0 \
  16.0 1.0 0.0 0.0 \
  17.0 1.0 0.0 0.0 \
  18.0 1.0 0.0 0.0 \
  19.0 1.0 0.0 0.0 \
  20.0 1.0 0.0 0.0 \
  21.0 1.0 0.0 0.0 \
  22.0 1.0 0.0 0.0 \
  23.0 1.0 0.0 0.0 \
  24.0 1.0 0.0 0.0 \
  25.0 1.0 0.0 0.0 \
  26.0 1.0 0.0 0.0 \
  27.0 1.0 0.0 0.0 \
  28.0 1.0 0.0 0.0 \
  29.0 1.0 0.0 0.0 \
  30.0 1.0 0.0 0.0 \
  31.0 1.0 0.0 0.0 \
  32.0 1.0 0.0 0.0 \
4.0 2.0 32.0 \
  1.0 1.0 0.0 0.0 \
  2.0 1.0 0.0 0.0 \
  3.0 1.0 0.0 0.0 \
  4.0 1.0 0.0 0.0 \
  5.0 1.0 0.0 0.0 \
  6.0 1.0 0.0 0.0 \
  7.0 1.0 0.0 0.0 \
  8.0 1.0 0.0 0.0 \
  9.0 1.0 0.0 0.0 \
  10.0 1.0 0.0 0.0 \
  11.0 1.0 0.0 0.0 \
  12.0 1.0 0.0 0.0 \
  13.0 1.0 0.0 0.0 \
  14.0 1.0 0.0 0.0 \
  15.0 1.0 0.0 0.0 \
  16.0 1.0 0.0 0.0 \
  17.0 1.0 0.0 0.0 \
  18.0 1.0 0.0 0.0 \
  19.0 1.0 0.0 0.0 \
  20.0 1.0 0.0 0.0 \
  21.0 1.0 0.0 0.0 \
  22.0 1.0 0.0 0.0 \
  23.0 1.0 0.0 0.0 \
  24.0 1.0 0.0 0.0 \
  25.0 1.0 0.0 0.0 \
  26.0 1.0 0.0 0.0 \
  27.0 1.0 0.0 0.0 \
  28.0 1.0 0.0 0.0 \
  29.0 1.0 0.0 0.0 \
  30.0 1.0 0.0 0.0 \
  31.0 1.0 0.0 0.0 \
  32.0 1.0 0.0 0.0 \
5.0 1.0 32.0 \
  1.0 1.0 0.0 0.0 \
  2.0 1.0 0.0 0.0 \
  3.0 1.0 0.0 0.0 \
  4.0 1.0 0.0 0.0 \
  5.0 1.0 0.0 0.0 \
  6.0 1.0 0.0 0.0 \
  7.0 1.0 0.0 0.0 \
  8.0 1.0 0.0 0.0 \
  9.0 1.0 0.0 0.0 \
  10.0 1.0 0.0 0.0 \
  11.0 1.0 0.0 0.0 \
  12.0 1.0 0.0 0.0 \
  13.0 1.0 0.0 0.0 \
  14.0 1.0 0.0 0.0 \
  15.0 1.0 0.0 0.0 \
  16.0 1.0 0.0 0.0 \
  17.0 1.0 0.0 0.0 \
  18.0 1.0 0.0 0.0 \
  19.0 1.0 0.0 0.0 \
  20.0 1.0 0.0 0.0 \
  21.0 1.0 0.0 0.0 \
  22.0 1.0 0.0 0.0 \
  23.0 1.0 0.0 0.0 \
  24.0 1.0 0.0 0.0 \
  25.0 1.0 0.0 0.0 \
  26.0 1.0 0.0 0.0 \
  27.0 1.0 0.0 0.0 \
  28.0 1.0 0.0 0.0 \
  29.0 1.0 0.0 0.0 \
  30.0 1.0 0.0 0.0 \
  31.0 1.0 0.0 0.0 \
  32.0 1.0 0.0 0.0 \
5.0 2.0 32.0 \
  1.0 1.0 0.0 0.0 \
  2.0 1.0 0.0 0.0 \
  3.0 1.0 0.0 0.0 \
  4.0 1.0 0.0 0.0 \
  5.0 1.0 0.0 0.0 \
  6.0 1.0 0.0 0.0 \
  7.0 1.0 0.0 0.0 \
  8.0 1.0 0.0 0.0 \
  9.0 1.0 0.0 0.0 \
  10.0 1.0 0.0 0.0 \
  11.0 1.0 0.0 0.0 \
  12.0 1.0 0.0 0.0 \
  13.0 1.0 0.0 0.0 \
  14.0 1.0 0.0 0.0 \
  15.0 1.0 0.0 0.0 \
  16.0 1.0 0.0 0.0 \
  17.0 1.0 0.0 0.0 \
  18.0 1.0 0.0 0.0 \
  19.0 1.0 0.0 0.0 \
  20.0 1.0 0.0 0.0 \
  21.0 1.0 0.0 0.0 \
  22.0 1.0 0.0 0.0 \
  23.0 1.0 0.0 0.0 \
  24.0 1.0 0.0 0.0 \
  25.0 1.0 0.0 0.0 \
  26.0 1.0 0.0 0.0 \
  27.0 1.0 0.0 0.0 \
  28.0 1.0 0.0 0.0 \
  29.0 1.0 0.0 0.0 \
  30.0 1.0 0.0 0.0 \
  31.0 1.0 0.0 0.0 \
  32.0 1.0 0.0 0.0 \
6.0 1.0 32.0 \
  1.0 1.0 0.0 0.0 \
  2.0 1.0 0.0 0.0 \
  3.0 1.0 0.0 0.0 \
  4.0 1.0 0.0 0.0 \
  5.0 1.0 0.0 0.0 \
  6.0 1.0 0.0 0.0 \
  7.0 1.0 0.0 0.0 \
  8.0 1.0 0.0 0.0 \
  9.0 1.0 0.0 0.0 \
  10.0 1.0 0.0 0.0 \
  11.0 1.0 0.0 0.0 \
  12.0 1.0 0.0 0.0 \
  13.0 1.0 0.0 0.0 \
  14.0 1.0 0.0 0.0 \
  15.0 1.0 0.0 0.0 \
  16.0 1.0 0.0 0.0 \
  17.0 1.0 0.0 0.0 \
  18.0 1.0 0.0 0.0 \
  19.0 1.0 0.0 0.0 \
  20.0 1.0 0.0 0.0 \
  21.0 1.0 0.0 0.0 \
  22.0 1.0 0.0 0.0 \
  23.0 1.0 0.0 0.0 \
  24.0 1.0 0.0 0.0 \
  25.0 1.0 0.0 0.0 \
  26.0 1.0 0.0 0.0 \
  27.0 1.0 0.0 0.0 \
  28.0 1.0 0.0 0.0 \
  29.0 1.0 0.0 0.0 \
  30.0 1.0 0.0 0.0 \
  31.0 1.0 0.0 0.0 \
  32.0 1.0 0.0 0.0 \
6.0 2.0 32.0 \
  1.0 1.0 0.0 0.0 \
  2.0 1.0 0.0 0.0 \
  3.0 1.0 0.0 0.0 \
  4.0 1.0 0.0 0.0 \
  5.0 1.0 0.0 0.0 \
  6.0 1.0 0.0 0.0 \
  7.0 1.0 0.0 0.0 \
  8.0 1.0 0.0 0.0 \
  9.0 1.0 0.0 0.0 \
  10.0 1.0 0.0 0.0 \
  11.0 1.0 0.0 0.0 \
  12.0 1.0 0.0 0.0 \
  13.0 1.0 0.0 0.0 \
  14.0 1.0 0.0 0.0 \
  15.0 1.0 0.0 0.0 \
  16.0 1.0 0.0 0.0 \
  17.0 1.0 0.0 0.0 \
  18.0 1.0 0.0 0.0 \
  19.0 1.0 0.0 0.0 \
  20.0 1.0 0.0 0.0 \
  21.0 1.0 0.0 0.0 \
  22.0 1.0 0.0 0.0 \
  23.0 1.0 0.0 0.0 \
  24.0 1.0 0.0 0.0 \
  25.0 1.0 0.0 0.0 \
  26.0 1.0 0.0 0.0 \
  27.0 1.0 0.0 0.0 \
  28.0 1.0 0.0 0.0 \
  29.0 1.0 0.0 0.0 \
  30.0 1.0 0.0 0.0 \
  31.0 1.0 0.0 0.0 \
  32.0 1.0 0.0 0.0
#################################################
