0 59.6 63.2
1 61.9 69.2
2 61.9 63.1
3 59.6 56.8
4 59.6 50.6
5 61.9 56.9
6 61.9 50.8
7 59.6 69.4
8 57.3 50.4
9 54.9 69.8
10 54.9 63.3
11 57.3 69.6
12 57.3 63.2
13 54.9 56.7
14 54.9 50.2
15 57.3 56.8
16 50.3 63.4
17 52.6 69.8
18 52.6 63.3
19 50.3 56.6
20 50.3 49.9
21 52.6 56.7
22 52.6 50.2
23 50.3 70.1
24 48.0 49.9
25 45.7 70.3
26 45.7 63.5
27 48.0 70.1
28 48.0 63.4
29 45.7 56.5
30 45.7 49.7
31 48.0 56.6
32 41.0 63.7
33 43.4 70.4
34 43.4 63.5
35 41.0 56.3
36 41.0 49.2
37 43.4 56.5
38 43.4 49.6
39 41.0 70.8
40 38.7 49.2
41 36.4 71.3
42 36.4 63.8
43 38.7 70.8
44 38.7 63.6
45 36.4 56.2
46 36.4 48.7
47 38.7 56.4
48 31.8 64.1
49 34.1 71.4
50 34.1 63.8
51 31.8 55.9
52 31.8 47.9
53 34.1 56.2
54 34.1 48.6
55 31.8 72.1
56 29.5 47.9
57 27.2 73.0
58 27.2 64.4
59 29.5 72.1
60 29.5 64.1
61 27.2 55.6
62 27.2 47.0
63 29.5 55.9
64 59.6 -116.8
65 61.9 -110.8
66 61.9 -116.9
67 59.6 -123.2
68 59.6 -129.4
69 61.9 -123.1
70 61.9 -129.2
71 59.6 -110.6
72 57.3 -129.6
73 54.9 -110.2
74 54.9 -116.7
75 57.3 -110.4
76 57.3 -116.8
77 54.9 -123.3
78 54.9 -129.8
79 57.3 -123.2
80 50.3 -116.6
81 52.6 -110.2
82 52.6 -116.7
83 50.3 -123.4
84 50.3 -130.1
85 52.6 -123.3
86 52.6 -129.8
87 50.3 -109.9
88 48.0 -130.1
89 45.7 -109.7
90 45.7 -116.5
91 48.0 -109.9
92 48.0 -116.6
93 45.7 -123.5
94 45.7 -130.3
95 48.0 -123.4
96 41.0 -116.3
97 43.4 -109.6
98 43.4 -116.5
99 41.0 -123.7
100 41.0 -130.8
101 43.4 -123.5
102 43.4 -130.4
103 41.0 -109.2
104 38.7 -130.8
105 36.4 -108.7
106 36.4 -116.2
107 38.7 -109.2
108 38.7 -116.4
109 36.4 -123.8
110 36.4 -131.3
111 38.7 -123.6
112 31.8 -115.9
113 34.1 -108.6
114 34.1 -116.2
115 31.8 -124.1
116 31.8 -132.1
117 34.1 -123.8
118 34.1 -131.4
119 31.8 -107.9
120 29.5 -132.1
121 27.2 -107.0
122 27.2 -115.6
123 29.5 -107.9
124 29.5 -115.9
125 27.2 -124.4
126 27.2 -133.0
127 29.5 -124.1
